2.000000000000000000e+00 1.184641541124450725e+01
3.000000000000000000e+00 8.625227850985760725e+00
4.000000000000000000e+00 6.292472140795746682e+00
5.000000000000000000e+00 4.789736531464112268e+00
6.000000000000000000e+00 3.791330239724533424e+00
7.000000000000000000e+00 3.350237296675046661e+00
8.000000000000000000e+00 3.238033379645112397e+00
9.000000000000000000e+00 2.364639967631862127e+00
1.000000000000000000e+01 2.377411626415539825e+00
1.100000000000000000e+01 2.197096928853077724e+00
1.200000000000000000e+01 1.637608092495555168e+00
1.300000000000000000e+01 1.896720386932948754e+00
1.400000000000000000e+01 1.581946852826472627e+00
1.500000000000000000e+01 1.340879391013138022e+00
1.600000000000000000e+01 1.717294979837485691e+00
1.700000000000000000e+01 1.205572376289616221e+00
1.800000000000000000e+01 1.354383948537389637e+00
1.900000000000000000e+01 8.592973131571186585e-01
2.000000000000000000e+01 9.545087635731246412e-01
