2.000000000000000000e+00 3.620072147283802622e+01
3.000000000000000000e+00 2.807180717815638715e+01
4.000000000000000000e+00 2.175112289563187673e+01
5.000000000000000000e+00 1.826849954464177728e+01
6.000000000000000000e+00 1.517140243722262660e+01
7.000000000000000000e+00 1.316711126997848780e+01
8.000000000000000000e+00 1.087721957743683276e+01
9.000000000000000000e+00 1.006013929335127166e+01
1.000000000000000000e+01 8.340016331191666410e+00
1.100000000000000000e+01 8.496279868786301037e+00
1.200000000000000000e+01 7.482523275781431948e+00
1.300000000000000000e+01 7.246176884944827812e+00
1.400000000000000000e+01 6.966669494156260356e+00
1.500000000000000000e+01 6.280988600886844075e+00
1.600000000000000000e+01 5.498412091141364755e+00
1.700000000000000000e+01 5.351232937811838397e+00
1.800000000000000000e+01 4.879403480633996537e+00
1.900000000000000000e+01 4.338339230290300996e+00
2.000000000000000000e+01 4.484493251803234770e+00
