2.000000000000000000e+00 2.342946632135434726e+01
3.000000000000000000e+00 1.660870739845353583e+01
4.000000000000000000e+00 1.267414022276443930e+01
5.000000000000000000e+00 9.863946387389447068e+00
6.000000000000000000e+00 8.174138160397220076e+00
7.000000000000000000e+00 6.637692477676743863e+00
8.000000000000000000e+00 5.485063170762293439e+00
9.000000000000000000e+00 5.382421038851928685e+00
1.000000000000000000e+01 4.953047252605306205e+00
1.100000000000000000e+01 4.236433618765693687e+00
1.200000000000000000e+01 3.243340779958880926e+00
1.300000000000000000e+01 3.651498496750484879e+00
1.400000000000000000e+01 3.553571068088178020e+00
1.500000000000000000e+01 3.191946957978222699e+00
1.600000000000000000e+01 2.716884379977399622e+00
1.700000000000000000e+01 2.409191179533540339e+00
1.800000000000000000e+01 2.159411234622546694e+00
1.900000000000000000e+01 2.178918429721726113e+00
2.000000000000000000e+01 2.266101278427228749e+00
