2.000000000000000000e+00 2.401989564934386223e+01
3.000000000000000000e+00 1.606118550572168857e+01
4.000000000000000000e+00 1.163160176573331839e+01
5.000000000000000000e+00 9.369071779613145523e+00
6.000000000000000000e+00 7.948222676854301838e+00
7.000000000000000000e+00 6.985525223833040087e+00
8.000000000000000000e+00 5.727320928595256433e+00
9.000000000000000000e+00 5.168011186677542668e+00
1.000000000000000000e+01 4.959664868018388795e+00
1.100000000000000000e+01 3.862959489477388431e+00
1.200000000000000000e+01 3.684961765705863534e+00
1.300000000000000000e+01 3.154352627303229628e+00
1.400000000000000000e+01 2.939517171999265432e+00
1.500000000000000000e+01 3.333586849404867269e+00
1.600000000000000000e+01 2.562094852125134992e+00
1.700000000000000000e+01 2.692552395056976522e+00
1.800000000000000000e+01 2.468830038891067780e+00
1.900000000000000000e+01 2.257779430787957065e+00
2.000000000000000000e+01 2.189059624557476269e+00
