2.000000000000000000e+00 6.497951338624702089e+01
4.000000000000000000e+00 3.728421234351350222e+01
6.000000000000000000e+00 2.600109589226530105e+01
8.000000000000000000e+00 1.948149385708862269e+01
1.000000000000000000e+01 1.456196167954232124e+01
1.200000000000000000e+01 1.230563514158094485e+01
1.400000000000000000e+01 1.086416849994515488e+01
1.600000000000000000e+01 1.014560356889288961e+01
1.800000000000000000e+01 8.507419892334061373e+00
2.000000000000000000e+01 7.948333529606645520e+00
