2.000000000000000000e+00 1.638776349343742140e+02
4.000000000000000000e+00 4.068431863631060708e+01
6.000000000000000000e+00 1.684036630224770548e+01
8.000000000000000000e+00 9.697921181248608136e+00
1.000000000000000000e+01 6.093545924808553949e+00
1.200000000000000000e+01 4.256932898337360882e+00
1.400000000000000000e+01 3.205139683200181722e+00
1.600000000000000000e+01 2.386713963049920117e+00
1.800000000000000000e+01 1.991986221076522234e+00
2.000000000000000000e+01 1.611919864683108772e+00
