1.000000000000000000e+00 9.709505302752569067e-01
9.899999999999999911e-01 8.458986497369205271e-01
9.799999999999999822e-01 7.551437703548217195e-01
9.699999999999999734e-01 6.799929350775176795e-01
9.599999999999999645e-01 6.115133872019128392e-01
9.499999999999999556e-01 5.468478034534608456e-01
9.400000000000000577e-01 4.855550867892723943e-01
9.300000000000000488e-01 4.274386325402844133e-01
9.200000000000000400e-01 3.723579484183353605e-01
9.100000000000000311e-01 3.202024926404338223e-01
9.000000000000000222e-01 2.708866124840133005e-01
8.900000000000000133e-01 2.243504849251801436e-01
8.800000000000000044e-01 1.805631970149824128e-01
8.699999999999999956e-01 1.395297855520116759e-01
8.599999999999999867e-01 1.012928716598320844e-01
8.500000000000000888e-01 6.593410011280199934e-02
8.400000000000000799e-01 3.355965794345812381e-02
8.300000000000000711e-01 4.303034768817931045e-03
8.200000000000000622e-01 3.171446761095863314e-08
