1.000000000000000000e+00 9.999365096890294735e-01
9.899999999999999911e-01 8.618513283286185489e-01
9.799999999999999822e-01 7.710555060872564814e-01
9.699999999999999734e-01 6.953306697884430454e-01
9.599999999999999645e-01 6.259825336266016116e-01
9.499999999999999556e-01 5.604636496369381771e-01
9.400000000000000577e-01 4.983191219100893687e-01
9.300000000000000488e-01 4.393268965517634905e-01
9.200000000000000400e-01 3.833288046099164736e-01
9.100000000000000311e-01 3.302035723622345764e-01
9.000000000000000222e-01 2.798585689935316201e-01
8.900000000000000133e-01 2.322280081071195212e-01
8.800000000000000044e-01 1.872777854173587608e-01
8.699999999999999956e-01 1.450138640996076755e-01
8.599999999999999867e-01 1.054857792311644921e-01
8.500000000000000888e-01 6.879024815446001251e-02
8.400000000000000799e-01 3.506682640621306551e-02
8.300000000000000711e-01 4.501841367982678532e-03
8.200000000000000622e-01 4.496113738030984119e-08
