1.000000000000000000e+00 9.998351794119266778e-01
9.899999999999999911e-01 8.332515481440677663e-01
9.799999999999999822e-01 7.411793617268535028e-01
9.699999999999999734e-01 6.659760780070111963e-01
9.599999999999999645e-01 5.976738498883534811e-01
9.499999999999999556e-01 5.335151101990471822e-01
9.400000000000000577e-01 4.730062464842477721e-01
9.300000000000000488e-01 4.158493934960606486e-01
9.200000000000000400e-01 3.618350202824610062e-01
9.100000000000000311e-01 3.108120818995880330e-01
9.000000000000000222e-01 2.626733758894381765e-01
8.900000000000000133e-01 2.173465976415883960e-01
8.800000000000000044e-01 1.747899626250141447e-01
8.699999999999999956e-01 1.349932532518668959e-01
8.599999999999999867e-01 9.797614507251939386e-02
8.500000000000000888e-01 6.378126229742228648e-02
8.400000000000000799e-01 3.247457420683246693e-02
8.300000000000000711e-01 4.165741748557496085e-03
8.200000000000000622e-01 4.023073180303689296e-08
