1.000000000000000000e+00 9.998929888367729113e-01
9.899999999999999911e-01 8.519000316283831253e-01
9.799999999999999822e-01 7.608976737207149288e-01
9.699999999999999734e-01 6.854660973837973792e-01
9.599999999999999645e-01 6.164606539241624938e-01
9.499999999999999556e-01 5.513989812982449390e-01
9.400000000000000577e-01 4.897875564371261814e-01
9.300000000000000488e-01 4.313843817095336930e-01
9.200000000000000400e-01 3.760200067642943123e-01
9.100000000000000311e-01 3.235678834052195252e-01
9.000000000000000222e-01 2.739340901417544050e-01
8.900000000000000133e-01 2.270560879760911699e-01
8.800000000000000044e-01 1.829022257687840380e-01
8.699999999999999956e-01 1.414766668176861697e-01
8.599999999999999867e-01 1.028188444683085651e-01
8.500000000000000888e-01 6.700365317846093682e-02
8.400000000000000799e-01 3.413778333182768132e-02
8.300000000000000711e-01 4.380197878536418697e-03
8.200000000000000622e-01 3.281985845801150640e-08
