1.000000000000000000e+00 9.999203864937714625e-01
9.899999999999999911e-01 8.586618589418534286e-01
9.799999999999999822e-01 7.678380819986271311e-01
9.699999999999999734e-01 6.922027121578403497e-01
9.599999999999999645e-01 6.229859107948658714e-01
9.499999999999999556e-01 5.576160324490195830e-01
9.400000000000000577e-01 4.956400861748405107e-01
9.300000000000000488e-01 4.368303900245751881e-01
9.200000000000000400e-01 3.810261301023921132e-01
9.100000000000000311e-01 3.281052353057509197e-01
9.000000000000000222e-01 2.779759226485668533e-01
8.900000000000000133e-01 2.305747950689588655e-01
8.800000000000000044e-01 1.858699576244104146e-01
8.699999999999999956e-01 1.438685179665831759e-01
8.599999999999999867e-01 1.046180959695931917e-01
8.500000000000000888e-01 6.820720029447156774e-02
8.400000000000000799e-01 3.476275761317063756e-02
8.300000000000000711e-01 4.461890844771385263e-03
8.200000000000000622e-01 4.141959833878279876e-08
