1.000000000000000000e+00 9.999203553746662809e-01
9.899999999999999911e-01 8.534137332993296798e-01
9.799999999999999822e-01 7.596678519019722797e-01
9.699999999999999734e-01 6.827747884196212480e-01
9.599999999999999645e-01 6.130165704525237791e-01
9.499999999999999556e-01 5.473219687841510694e-01
9.400000000000000577e-01 4.852157868950047748e-01
9.300000000000000488e-01 4.264664600542346085e-01
9.200000000000000400e-01 3.709133955934398319e-01
9.100000000000000311e-01 3.184367291919195098e-01
9.000000000000000222e-01 2.689475015154826343e-01
8.900000000000000133e-01 2.223831804027288084e-01
8.800000000000000044e-01 1.787063732683356332e-01
8.699999999999999956e-01 1.379088857318727379e-01
8.599999999999999867e-01 1.000101318270015249e-01
8.500000000000000888e-01 6.505312749904809677e-02
8.400000000000000799e-01 3.309981101145718224e-02
8.300000000000000711e-01 4.243736989817467262e-03
8.200000000000000622e-01 3.971022400859247576e-08
