7.500000000000000000e-01
2.359195482999534339e-09
7.615059322881415627e-01
6.730565996729581668e-02
7.730118645762830143e-01
1.403587035883982481e-01
7.845177968644245770e-01
2.199505077035175948e-01
7.960237291525661396e-01
3.071496457591820772e-01
8.075296614407075912e-01
4.034726418735236075e-01
8.190355937288491539e-01
5.112336312846839093e-01
8.305415260169907166e-01
6.343943715725649524e-01
8.420474583051321682e-01
7.813761161447110304e-01
8.535533905932737309e-01
9.999305563624301119e-01
