7.500000000000000000e-01 2.209577039162127687e-07
7.554501784522775765e-01 3.310744627706417587e-02
7.609003569045551529e-01 7.250817797440420320e-02
7.663505353568327294e-01 1.165281473352578201e-01
7.718007138091103059e-01 1.642117636182328366e-01
7.772508922613878823e-01 2.150841079716334925e-01
7.827010707136653478e-01 2.689674196386857008e-01
7.881512491659429243e-01 3.256473898833305292e-01
7.936014276182205007e-01 3.853265657311216730e-01
7.990516060704980772e-01 4.481807804118604355e-01
8.045017845227756537e-01 5.145420721909069739e-01
8.099519629750532301e-01 5.848222301329962791e-01
8.154021414273308066e-01 6.591685372549642707e-01
8.208523198796083831e-01 7.382888062731636225e-01
8.263024983318859595e-01 8.237255898382456198e-01
8.317526767841634250e-01 9.163089366296067739e-01
8.372028552364410015e-01 1.017270601736071312e+00
8.426530336887185779e-01 1.133937142758595806e+00
8.481032121409961544e-01 1.276403025173596495e+00
8.535533905932737309e-01 1.542558047947017563e+00
