7.500000000000000000e-01 2.154861335616015457e-08
7.615059322881415627e-01 7.891567449924775934e-02
7.730118645762830143e-01 1.732559527522221088e-01
7.845177968644245770e-01 2.794968086894321635e-01
7.960237291525661396e-01 3.983708283139437700e-01
8.075296614407075912e-01 5.313427202631360036e-01
8.190355937288491539e-01 6.813164857839143496e-01
8.305415260169907166e-01 8.540203629614344649e-01
8.420474583051321682e-01 1.063689114968642713e+00
8.535533905932737309e-01 1.528146054097999418e+00
