7.500000000000000000e-01 2.073622439479269283e-08
7.554501784522775765e-01 3.456258981359896371e-02
7.609003569045551529e-01 7.427674711815870912e-02
7.663505353568327294e-01 1.172849900875582302e-01
7.718007138091103059e-01 1.627806538800618541e-01
7.772508922613878823e-01 2.109731292181732942e-01
7.827010707136653478e-01 2.619040981573959592e-01
7.881512491659429243e-01 3.156247097686862291e-01
7.936014276182205007e-01 3.722398731970283925e-01
7.990516060704980772e-01 4.319091719898425219e-01
8.045017845227756537e-01 4.948535106694706420e-01
8.099519629750532301e-01 5.613689999607101022e-01
8.154021414273308066e-01 6.318561678021762384e-01
8.208523198796083831e-01 7.068630093153268623e-01
8.263024983318859595e-01 7.871689849711300813e-01
8.317526767841634250e-01 8.739445553143850853e-01
8.372028552364410015e-01 9.691226458996992088e-01
8.426530336887185779e-01 1.076410336516397503e+00
8.481032121409961544e-01 1.205718624722907695e+00
8.535533905932737309e-01 1.527896969761251000e+00
