7.500000000000000000e-01 8.666069549445306640e-10
7.554501784522775765e-01 3.370913155925216176e-02
7.609003569045551529e-01 7.243662760306657233e-02
7.663505353568327294e-01 1.143904700088894388e-01
7.718007138091103059e-01 1.587748186068816125e-01
7.772508922613878823e-01 2.057944945273965376e-01
7.827010707136653478e-01 2.554998293772816620e-01
7.881512491659429243e-01 3.079479534720627187e-01
7.936014276182205007e-01 3.632507334144529643e-01
7.990516060704980772e-01 4.215756107202462966e-01
8.045017845227756537e-01 4.831511341301058526e-01
8.099519629750532301e-01 5.482898193584615498e-01
8.154021414273308066e-01 6.174088483088606694e-01
8.208523198796083831e-01 6.910839808698261422e-01
8.263024983318859595e-01 7.701326540002924048e-01
8.317526767841634250e-01 8.557815438092966076e-01
8.372028552364410015e-01 9.500391932555745100e-01
8.426530336887185779e-01 1.056711756577459083e+00
8.481032121409961544e-01 1.185533321286181385e+00
8.535533905932737309e-01 1.488643772639553609e+00
