7.500000000000000000e-01
-5.363407940080510436e-09
7.615059322881415627e-01
6.298293557854797720e-02
7.730118645762830143e-01
1.317007691861483143e-01
7.845177968644245770e-01
2.070215111276744457e-01
7.960237291525661396e-01
2.901229484967680627e-01
8.075296614407075912e-01
3.826820063918420778e-01
8.190355937288491539e-01
4.872597072608057522e-01
8.305415260169907166e-01
6.082389861045465196e-01
8.420474583051321682e-01
7.550458492840926850e-01
8.535533905932737309e-01
9.998562556994806672e-01
