9.899999999999999911e-01 7.720692716737304062e-01
9.799999999999999822e-01 7.073576497203618585e-01
9.699999999999999734e-01 6.471053238412106667e-01
9.599999999999999645e-01 5.888664694724911053e-01
9.499999999999999556e-01 5.324667029771208426e-01
9.400000000000000577e-01 4.778911093513109054e-01
9.300000000000000488e-01 4.251285477388458411e-01
9.200000000000000400e-01 3.741723801347244804e-01
9.100000000000000311e-01 3.250159765482352192e-01
9.000000000000000222e-01 2.776269950963414224e-01
8.900000000000000133e-01 2.320306334287519645e-01
8.800000000000000044e-01 1.883040078003015982e-01
8.699999999999999956e-01 1.465775691306887563e-01
8.599999999999999867e-01 1.070494559373413312e-01
8.500000000000000888e-01 6.998957781752956908e-02
8.400000000000000799e-01 3.571809800903388843e-02
8.300000000000000711e-01 4.583462221493119805e-03
8.200000000000000622e-01 6.754537800180809280e-08
