9.899999999999999911e-01 8.695723549820617571e-01
9.799999999999999822e-01 7.793142955495123703e-01
9.699999999999999734e-01 7.044619370938411951e-01
9.599999999999999645e-01 6.360631693865299585e-01
9.499999999999999556e-01 5.708726725381698675e-01
9.400000000000000577e-01 5.086363234571855685e-01
9.300000000000000488e-01 4.492378243180883413e-01
9.200000000000000400e-01 3.925872748991977579e-01
9.100000000000000311e-01 3.386155654110715174e-01
9.000000000000000222e-01 2.872781225024563789e-01
8.900000000000000133e-01 2.385498447265296806e-01
8.800000000000000044e-01 1.924390383632942347e-01
8.699999999999999956e-01 1.489911324146918348e-01
8.599999999999999867e-01 1.083035860530835032e-01
8.500000000000000888e-01 7.053520809592622731e-02
8.400000000000000799e-01 3.587945357116599510e-02
8.300000000000000711e-01 4.587031506640111035e-03
8.200000000000000622e-01 2.892769008234257533e-07
