1.000000000000000000e+00 9.908957159871769615e-01
9.899999999999999911e-01 8.675837959196330829e-01
9.799999999999999822e-01 7.771367176401247079e-01
9.699999999999999734e-01 7.014493846709682900e-01
9.599999999999999645e-01 6.323506997931003237e-01
9.499999999999999556e-01 5.669512580892674958e-01
9.400000000000000577e-01 5.047204098622627422e-01
9.300000000000000488e-01 4.454727593156478926e-01
9.200000000000000400e-01 3.890884612894568995e-01
9.100000000000000311e-01 3.354759513615657163e-01
9.000000000000000222e-01 2.845590757379941604e-01
8.900000000000000133e-01 2.362929929295480291e-01
8.800000000000000044e-01 1.906649295890123219e-01
8.699999999999999956e-01 1.476992634061324305e-01
8.599999999999999867e-01 1.074628158472022144e-01
8.500000000000000888e-01 7.007390716125906638e-02
8.400000000000000799e-01 3.570413407195489885e-02
8.300000000000000711e-01 4.582666941798218402e-03
8.200000000000000622e-01 1.749254728543705071e-07
