1.000000000000000000e+00 1.442197289181621267e+00
9.899999999999999911e-01 1.050512636567535019e+00
9.799999999999999822e-01 9.028079856130980518e-01
9.699999999999999734e-01 7.947789883645979270e-01
9.599999999999999645e-01 7.031666350006721133e-01
9.499999999999999556e-01 6.204122640446159131e-01
9.400000000000000577e-01 5.442094907378325352e-01
9.300000000000000488e-01 4.737627093781867083e-01
9.200000000000000400e-01 4.085448074640042893e-01
9.100000000000000311e-01 3.481218214710193881e-01
9.000000000000000222e-01 2.921316999711300322e-01
8.900000000000000133e-01 2.402752181550274202e-01
8.800000000000000044e-01 1.922984842327087607e-01
8.699999999999999956e-01 1.479897915290135368e-01
8.599999999999999867e-01 1.071774986956494924e-01
8.500000000000000888e-01 6.972747890254744896e-02
8.400000000000000799e-01 3.554460620300305823e-02
8.300000000000000711e-01 4.578237719754985405e-03
8.200000000000000622e-01 4.848826164325501908e-09
