9.899999999999999911e-01 9.051721550696446572e-01
9.799999999999999822e-01 7.993764331774813048e-01
9.699999999999999734e-01 7.179455936106849956e-01
9.599999999999999645e-01 6.461022837046017653e-01
9.499999999999999556e-01 5.784725432042785442e-01
9.400000000000000577e-01 5.143062584559229267e-01
9.300000000000000488e-01 4.534134445141795866e-01
9.200000000000000400e-01 3.956397637726160599e-01
9.100000000000000311e-01 3.408491761693387967e-01
9.000000000000000222e-01 2.889228895146211951e-01
8.900000000000000133e-01 2.397674479696027261e-01
8.800000000000000044e-01 1.933273880142172274e-01
8.699999999999999956e-01 1.496011030389475804e-01
8.599999999999999867e-01 1.086611581375840491e-01
8.500000000000000888e-01 7.067735884658744860e-02
8.400000000000000799e-01 3.590283350536190021e-02
8.300000000000000711e-01 4.587145447623613460e-03
8.200000000000000622e-01 5.783874486695363562e-09
