1.000000000000000000e+00 9.834600931281503033e-01
9.899999999999999911e-01 8.660217672685954771e-01
9.799999999999999822e-01 7.765747126774743547e-01
9.699999999999999734e-01 7.013483007330129082e-01
9.599999999999999645e-01 6.325049935319125849e-01
9.499999999999999556e-01 5.672192157380222532e-01
9.400000000000000577e-01 5.050146496168617105e-01
9.300000000000000488e-01 4.457506144971102313e-01
9.200000000000000400e-01 3.893359480604239309e-01
9.100000000000000311e-01 3.356928296107347665e-01
9.000000000000000222e-01 2.847438949875573666e-01
8.900000000000000133e-01 2.364444816000104976e-01
8.800000000000000044e-01 1.907823630362093792e-01
8.699999999999999956e-01 1.477827107590531097e-01
8.599999999999999867e-01 1.075126409093448698e-01
8.500000000000000888e-01 7.009223026798744316e-02
8.400000000000000799e-01 3.570695693697908263e-02
8.300000000000000711e-01 4.582666448106147671e-03
8.200000000000000622e-01 1.118710603158077266e-07
