9.899999999999999911e-01 8.602519618509009147e-01
9.799999999999999822e-01 7.755881382744208574e-01
9.699999999999999734e-01 7.025865398615630530e-01
9.599999999999999645e-01 6.351863607065411088e-01
9.499999999999999556e-01 5.706312542637814733e-01
9.400000000000000577e-01 5.088370357830803714e-01
9.300000000000000488e-01 4.497463710014900085e-01
9.200000000000000400e-01 3.933115150460554932e-01
9.100000000000000311e-01 3.394902128685675091e-01
9.000000000000000222e-01 2.882167256428255220e-01
8.900000000000000133e-01 2.394677360059490334e-01
8.800000000000000044e-01 1.932587044706761403e-01
8.699999999999999956e-01 1.496439191263700952e-01
8.599999999999999867e-01 1.087362035889399697e-01
8.500000000000000888e-01 7.073335268362615502e-02
8.400000000000000799e-01 3.592019123326816582e-02
8.300000000000000711e-01 4.587594423824892242e-03
8.200000000000000622e-01 1.027891153706128356e-07
