9.899999999999999911e-01 1.050512618118589758e+00

9.799999999999999822e-01 9.028076884491105236e-01
9.699999999999999734e-01 7.947789295745718574e-01
9.599999999999999645e-01 7.031663728967538773e-01
9.499999999999999556e-01 6.204123209613382484e-01
9.400000000000000577e-01 5.442095117837740803e-01
9.300000000000000488e-01 4.737627125235328585e-01
9.200000000000000400e-01 4.085448485439630018e-01
9.100000000000000311e-01 3.481217975947485943e-01
9.000000000000000222e-01 2.921315409321272316e-01
8.900000000000000133e-01 2.402750172579759813e-01
8.800000000000000044e-01 1.922983539659453012e-01
8.699999999999999956e-01 1.479896840720846540e-01
8.599999999999999867e-01 1.071773844981070839e-01
8.500000000000000888e-01 6.972743981943597957e-02
8.400000000000000799e-01 3.554459132806026683e-02
8.300000000000000711e-01 4.578208590443433139e-03
8.200000000000000622e-01 7.164898721443931881e-09
