9.899999999999999911e-01 9.442631520982704973e-01
9.799999999999999822e-01 8.395054283019354191e-01
9.699999999999999734e-01 7.537529042234264454e-01
9.599999999999999645e-01 6.762575890706977733e-01
9.499999999999999556e-01 6.032285835381373529e-01
9.400000000000000577e-01 5.340791601463601435e-01
9.300000000000000488e-01 4.686515851153651435e-01
9.200000000000000400e-01 4.068468266130251254e-01
9.100000000000000311e-01 3.485830205594195319e-01
9.000000000000000222e-01 2.937899963728430319e-01
8.900000000000000133e-01 2.424087199407232440e-01
8.800000000000000044e-01 1.943948911003397784e-01
8.699999999999999956e-01 1.497227545949522121e-01
8.599999999999999867e-01 1.083845408221581208e-01
8.500000000000000888e-01 7.039286443194783804e-02
8.400000000000000799e-01 3.577845784538982027e-02
8.300000000000000711e-01 4.584378123908798217e-03
8.200000000000000622e-01 6.825645603725119941e-09
