1.000000000000000000e+00 9.799646039905153261e-01
9.899999999999999911e-01 8.649892112010671985e-01
9.799999999999999822e-01 7.747098074903145948e-01
9.699999999999999734e-01 6.967077051058094828e-01
9.599999999999999645e-01 6.255756980911197918e-01
9.499999999999999556e-01 5.589083066099322927e-01
9.399999999999999467e-01 4.958683118844313120e-01
9.299999999999999378e-01 4.361966819150178143e-01
9.199999999999999289e-01 3.797474399774833920e-01
9.099999999999999201e-01 3.264110691256936203e-01
8.999999999999999112e-01 2.760973887248403535e-01
8.899999999999999023e-01 2.287365938469134441e-01
8.800000000000000044e-01 1.842646440252479756e-01
8.699999999999999956e-01 1.426365832667511602e-01
8.599999999999999867e-01 1.038116542886509119e-01
8.499999999999999778e-01 6.779433184009453495e-02
8.399999999999999689e-01 3.463930907479223498e-02
8.299999999999999600e-01 4.476719638648651856e-03
8.199999999999999512e-01 1.233744306161632664e-07
