1.000000000000000000e+00 9.887319864341431730e-01
9.899999999999999911e-01 8.669945090214423722e-01
9.799999999999999822e-01 7.753969091760759547e-01
9.699999999999999734e-01 6.970153591552118444e-01
9.599999999999999645e-01 6.257678297298988612e-01
9.499999999999999556e-01 5.590383703096770684e-01
9.399999999999999467e-01 4.959650645424016346e-01
9.299999999999999378e-01 4.362704437681622638e-01
9.199999999999999289e-01 3.798069169607192208e-01
9.099999999999999201e-01 3.264591694021150570e-01
8.999999999999999112e-01 2.761355506848489627e-01
8.899999999999999023e-01 2.287620161256772311e-01
8.800000000000000044e-01 1.842758911251914378e-01
8.699999999999999956e-01 1.426317788401651188e-01
8.599999999999999867e-01 1.037971773255483010e-01
8.499999999999999778e-01 6.778584353935646067e-02
8.399999999999999689e-01 3.465402470632791831e-02
8.299999999999999600e-01 4.476508640887888468e-03
8.199999999999999512e-01 9.355584246195647324e-08
