7.500000000000000000e-01 3.469610097260159061e-07
7.554501784522775765e-01 3.476624482908901442e-02
7.609003569045551529e-01 7.617960209564865470e-02
7.663505353568327294e-01 1.224120091179080605e-01
7.718007138091103059e-01 1.723676071373733965e-01
7.772508922613878823e-01 2.253737990815068148e-01
7.827010707136653478e-01 2.810850894404669509e-01
7.881512491659429243e-01 3.397965197457293307e-01
7.936014276182205007e-01 4.016835576900565363e-01
7.990516060704980772e-01 4.665401421352141087e-01
8.045017845227756537e-01 5.346043881541150400e-01
8.099519629750532301e-01 6.066374340392358677e-01
8.154021414273308066e-01 6.834535780801819227e-01
8.208523198796083831e-01 7.650148300757546593e-01
8.263024983318859595e-01 8.508720322760776611e-01
8.317526767841634250e-01 9.418834147003973811e-01
8.372028552364410015e-01 1.041808912873494197e+00
8.426530336887185779e-01 1.155728777709357002e+00
8.481032121409961544e-01 1.296138527625535275e+00
8.535533905932737309e-01 1.548677094198988913e+00
