7.500000000000000000e-01
-1.321977812505095706e-08
7.615059322881415627e-01
4.824667059369189964e-02
7.730118645762830143e-01
1.014275431433057650e-01
7.845177968644245770e-01
1.604798630400142423e-01
7.960237291525661396e-01
2.267475856221078112e-01
8.075296614407075912e-01
3.022836167196263357e-01
8.190355937288491539e-01
3.905242593341546331e-01
8.305415260169907166e-01
4.981266824773394331e-01
8.420474583051321682e-01
6.421498635361606588e-01
8.535533905932737309e-01
9.996191798044270493e-01
