7.500000000000000000e-01 1.976042608472442644e-09
7.554501784522775765e-01 2.349168226796016778e-02
7.609003569045551529e-01 4.984529508772921058e-02
7.663505353568327294e-01 7.861267926202702983e-02
7.718007138091103059e-01 1.095500624594074462e-01
7.772508922613878823e-01 1.425129146200251606e-01
7.827010707136653478e-01 1.774161620482554991e-01
7.881512491659429243e-01 2.141618714898032017e-01
7.936014276182205007e-01 2.527035717877796905e-01
7.990516060704980772e-01 2.934882745139844595e-01
8.045017845227756537e-01 3.367882395209244595e-01
8.099519629750532301e-01 3.829140828188398182e-01
8.154021414273308066e-01 4.322800069258347921e-01
8.208523198796083831e-01 4.854501647087312577e-01
8.263024983318859595e-01 5.432214142505392696e-01
8.317526767841634250e-01 6.067750667925529973e-01
8.372028552364410015e-01 6.779887074681896220e-01
8.426530336887185779e-01 7.601883293713600498e-01
8.481032121409961544e-01 8.604001001904719725e-01
8.535533905932737309e-01 1.000000011957163037e+00
