7.500000000000000000e-01 3.146046728278584743e-10
7.554501784522775765e-01 3.157392285933691839e-02
7.609003569045551529e-01 6.745347882929134120e-02
7.663505353568327294e-01 1.062564380887312532e-01
7.718007138091103059e-01 1.472705241902536044e-01
7.772508922613878823e-01 1.905616882519117761e-01
7.827010707136653478e-01 2.362687233829692535e-01
7.881512491659429243e-01 2.844592535778401321e-01
7.936014276182205007e-01 3.352476222508106729e-01
7.990516060704980772e-01 3.887967412042258042e-01
8.045017845227756537e-01 4.453245564735135997e-01
8.099519629750532301e-01 5.051180002073203390e-01
8.154021414273308066e-01 5.685564662651479972e-01
8.208523198796083831e-01 6.361503524659141151e-01
8.263024983318859595e-01 7.086072179403102300e-01
8.317526767841634250e-01 7.869673101409465632e-01
8.372028552364410015e-01 8.728807299370847650e-01
8.426530336887185779e-01 9.693498414921380979e-01
8.481032121409961544e-01 1.083440626148272967e+00
8.535533905932737309e-01 1.292673825078578309e+00
