7.500000000000000000e-01
-1.503101533155223476e-09
7.615059322881415627e-01
6.612098316215397897e-02
7.730118645762830143e-01
1.380036170571228571e-01
7.845177968644245770e-01
2.164626993279363809e-01
7.960237291525661396e-01
3.025983196660938512e-01
8.075296614407075912e-01
3.979708952573361436e-01
8.190355937288491539e-01
5.049578126638190056e-01
8.305415260169907166e-01
6.276185301873943301e-01
8.420474583051321682e-01
7.745592908667012777e-01
8.535533905932737309e-01
9.999066013497313055e-01
