7.500000000000000000e-01 1.527997282572271534e-09
7.554501784522775765e-01 3.416666471609784705e-02
7.609003569045551529e-01 7.331366916620611629e-02
7.663505353568327294e-01 1.156668776362860251e-01
7.718007138091103059e-01 1.604433853854003167e-01
7.772508922613878823e-01 2.078401550937986897e-01
7.827010707136653478e-01 2.579043924272845789e-01
7.881512491659429243e-01 3.106905452710393423e-01
7.936014276182205007e-01 3.662992846001951186e-01
7.990516060704980772e-01 4.248884485251352983e-01
8.045017845227756537e-01 4.866771552634956977e-01
8.099519629750532301e-01 5.519530486394969016e-01
8.154021414273308066e-01 6.211045833413085804e-01
8.208523198796083831e-01 6.946618110031602678e-01
8.263024983318859595e-01 7.733744893568293977e-01
8.317526767841634250e-01 8.583597411875503180e-01
8.372028552364410015e-01 9.514430486451671554e-01
8.426530336887185779e-01 1.056077267087255134e+00
8.481032121409961544e-01 1.181134516192149375e+00
8.535533905932737309e-01 1.474785602117799410e+00
