7.500000000000000000e-01 5.292012456022451012e-07
7.554501784522775765e-01 3.456874962443343829e-02
7.609003569045551529e-01 7.524348428932997601e-02
7.663505353568327294e-01 1.201011054444596632e-01
7.718007138091103059e-01 1.680673234067663613e-01
7.772508922613878823e-01 2.190013155094681918e-01
7.827010707136653478e-01 2.732190447729924143e-01
7.881512491659429243e-01 3.308039140846743553e-01
7.936014276182205007e-01 3.919100922975027879e-01
7.990516060704980772e-01 4.567662710663998871e-01
8.045017845227756537e-01 5.256920527435441359e-01
8.099519629750532301e-01 5.991239599551526629e-01
8.154021414273308066e-01 6.776656515462271546e-01
8.208523198796083831e-01 7.617938065128549985e-01
8.263024983318859595e-01 8.496207964428789117e-01
8.317526767841634250e-01 9.418389033432316149e-01
8.372028552364410015e-01 1.041799477927753514e+00
8.426530336887185779e-01 1.155725153070636058e+00
8.481032121409961544e-01 1.296117552280329210e+00
8.535533905932737309e-01 1.548661777452914778e+00
