1.000000000000000000e+00 9.852280489186867607e-01
9.899999999999999911e-01 8.568930464962840610e-01
9.799999999999999822e-01 7.659610504043343759e-01
9.699999999999999734e-01 6.903194205574130216e-01
9.599999999999999645e-01 6.212221657928471696e-01
9.499999999999999556e-01 5.559417382132288976e-01
9.400000000000000577e-01 4.940335788508160020e-01
9.300000000000000488e-01 4.352946751575664242e-01
9.200000000000000400e-01 3.795756094470650877e-01
9.100000000000000311e-01 3.267587209450503183e-01
9.000000000000000222e-01 2.767523808389323325e-01
8.900000000000000133e-01 2.294921824985513004e-01
8.800000000000000044e-01 1.849418785566071810e-01
8.699999999999999956e-01 1.431035201253066935e-01
8.599999999999999867e-01 1.040205747872235548e-01
8.500000000000000888e-01 6.778204700905200719e-02
8.400000000000000799e-01 3.452534700943255680e-02
8.300000000000000711e-01 4.429501155803096737e-03
8.200000000000000622e-01 3.979207363799217413e-08
