1.000000000000000000e+00 9.182958101686886643e-01
9.899999999999999911e-01 8.013824225621718478e-01
9.799999999999999822e-01 7.124761729919196762e-01
9.699999999999999734e-01 6.396990939054463254e-01
9.599999999999999645e-01 5.739293836454480990e-01
9.499999999999999556e-01 5.119512502357770334e-01
9.400000000000000577e-01 4.532649717122648747e-01
9.300000000000000488e-01 3.977377806258065585e-01
9.200000000000000400e-01 3.452850479807557660e-01
9.100000000000000311e-01 2.958376596485566834e-01
9.000000000000000222e-01 2.493350261430083703e-01
8.900000000000000133e-01 2.057285505570689010e-01
8.800000000000000044e-01 1.649797663625721111e-01
8.699999999999999956e-01 1.270669539388878666e-01
8.599999999999999867e-01 9.198400175714505078e-02
8.500000000000000888e-01 5.974131658475516360e-02
8.400000000000000799e-01 3.036453552064042813e-02
8.300000000000000711e-01 3.890364830310713735e-03
8.200000000000000622e-01 3.313447113940562084e-08
