1.000000000000000000e+00 9.995635473814665772e-01
9.899999999999999911e-01 7.281597875930150288e-01
9.799999999999999822e-01 6.257577106491569729e-01
9.699999999999999734e-01 5.507027513250769557e-01
9.599999999999999645e-01 4.861182594668020385e-01
9.499999999999999556e-01 4.278094167103182466e-01
9.400000000000000577e-01 3.746310655925340072e-01
9.300000000000000488e-01 3.258410026040239882e-01
9.200000000000000400e-01 2.808976211279374802e-01
9.100000000000000311e-01 2.393874929867748913e-01
9.000000000000000222e-01 2.009871525902390543e-01
8.900000000000000133e-01 1.654392791365968118e-01
8.800000000000000044e-01 1.325380667209791752e-01
8.699999999999999956e-01 1.021188289845904040e-01
8.599999999999999867e-01 7.405194128016866217e-02
8.500000000000000888e-01 4.824013533196442466e-02
8.400000000000000799e-01 2.462020461987666706e-02
8.300000000000000711e-01 3.173329481811457825e-03
8.200000000000000622e-01 1.665309981328275280e-08
