9.899999999999999911e-01 8.742978848402771508e-01
9.799999999999999822e-01 7.818989088982108981e-01
9.699999999999999734e-01 7.060705220564498230e-01
9.599999999999999645e-01 6.369912606870168359e-01
9.499999999999999556e-01 5.713643978012402647e-01
9.400000000000000577e-01 5.088204422842442787e-01
9.300000000000000488e-01 4.492122165388476862e-01
9.200000000000000400e-01 3.924295525134353091e-01
9.100000000000000311e-01 3.383849251557993765e-01
9.000000000000000222e-01 2.870184373688521862e-01
8.900000000000000133e-01 2.382951368577291840e-01
8.800000000000000044e-01 1.922110434465942042e-01
8.699999999999999956e-01 1.488071480766554044e-01
8.599999999999999867e-01 1.081776342626023235e-01
8.500000000000000888e-01 7.047010799209990628e-02
8.400000000000000799e-01 3.585854953475452883e-02
8.300000000000000711e-01 4.586454961788270779e-03
8.200000000000000622e-01 5.339093148077061943e-08
