9.899999999999999911e-01 8.722787562185543297e-01
9.799999999999999822e-01 7.803489016739961759e-01
9.699999999999999734e-01 7.050520100894531739e-01
9.599999999999999645e-01 6.366657598335585533e-01
9.499999999999999556e-01 5.714810654289934622e-01
9.400000000000000577e-01 5.092736971399239865e-01
9.300000000000000488e-01 4.499308494613467047e-01
9.200000000000000400e-01 3.933577313127091246e-01
9.100000000000000311e-01 3.394783529718574111e-01
9.000000000000000222e-01 2.882048916322608179e-01
8.900000000000000133e-01 2.394736814612719311e-01
8.800000000000000044e-01 1.932814035410833631e-01
8.699999999999999956e-01 1.496736574957449051e-01
8.599999999999999867e-01 1.087633720476486182e-01
8.500000000000000888e-01 7.075122391769382568e-02
8.400000000000000799e-01 3.592689774103604433e-02
8.300000000000000711e-01 4.587712623577011074e-03
8.200000000000000622e-01 6.861373787916215802e-08
