9.899999999999999911e-01 8.689618296244019380e-01
9.799999999999999822e-01 7.792173064720259168e-01
9.699999999999999734e-01 7.044955318676987543e-01
9.599999999999999645e-01 6.361473470325849089e-01
9.499999999999999556e-01 5.709856838774913790e-01
9.400000000000000577e-01 5.087647371035839416e-01
9.300000000000000488e-01 4.493716864001729427e-01
9.200000000000000400e-01 3.927215675170040998e-01
9.100000000000000311e-01 3.387466581321334491e-01
9.000000000000000222e-01 2.874030976208123422e-01
8.900000000000000133e-01 2.386661463215670465e-01
8.800000000000000044e-01 1.925413612120170648e-01
8.699999999999999956e-01 1.490735023412081417e-01
8.599999999999999867e-01 1.083609342027263139e-01
8.500000000000000888e-01 7.056572129825239292e-02
8.400000000000000799e-01 3.589021598410769426e-02
8.300000000000000711e-01 4.587454863074336316e-03
8.200000000000000622e-01 3.112360183901165427e-08
