1.000000000000000000e+00 1.043837488117295598e+00
9.899999999999999911e-01 8.690962237885208053e-01
9.799999999999999822e-01 7.762253757868168291e-01
9.699999999999999734e-01 6.995549565695985406e-01
9.599999999999999645e-01 6.298569453649491834e-01
9.499999999999999556e-01 5.642894621579092052e-01
9.400000000000000577e-01 5.021221507250454019e-01
9.300000000000000488e-01 4.430940802818083002e-01
9.200000000000000400e-01 3.870084712640004532e-01
9.100000000000000311e-01 3.337170992984129225e-01
9.000000000000000222e-01 2.831185335793157121e-01
8.900000000000000133e-01 2.351539980689115739e-01
8.800000000000000044e-01 1.898048709911241139e-01
8.699999999999999956e-01 1.470933244452493627e-01
8.599999999999999867e-01 1.070841188157426321e-01
8.500000000000000888e-01 6.988975451572011777e-02
8.400000000000000799e-01 3.565616824042210781e-02
8.300000000000000711e-01 4.581676336514702193e-03
8.200000000000000622e-01 8.069379259377693285e-08
