1.000000000000000000e+00 1.024745419968958515e+00
9.899999999999999911e-01 8.673532381270133707e-01
9.799999999999999822e-01 7.760028819402444711e-01
9.699999999999999734e-01 6.999788869151175597e-01
9.599999999999999645e-01 6.307931261443989746e-01
9.499999999999999556e-01 5.654390605182775253e-01
9.400000000000000577e-01 5.033061797726355868e-01
9.300000000000000488e-01 4.441895191095556750e-01
9.200000000000000400e-01 3.879535849177327966e-01
9.100000000000000311e-01 3.344966406390426639e-01
9.000000000000000222e-01 2.837371496976804908e-01
8.900000000000000133e-01 2.356265727895536233e-01
8.800000000000000044e-01 1.901504284554340618e-01
8.699999999999999956e-01 1.473289400127425763e-01
8.599999999999999867e-01 1.072232619383442082e-01
8.500000000000000888e-01 6.994758273753778899e-02
8.400000000000000799e-01 3.566779423030429913e-02
8.300000000000000711e-01 4.581797096282389480e-03
8.200000000000000622e-01 1.088496786138655774e-07
