1.000000000000000000e+00 8.451111907029418280e-01
9.899999999999999911e-01 7.720692997140414793e-01
9.799999999999999822e-01 7.073576542591579752e-01
9.699999999999999734e-01 6.471052936489575247e-01
9.599999999999999645e-01 5.888664875035601876e-01
9.499999999999999556e-01 5.324667222349840356e-01
9.400000000000000577e-01 4.778911548950862120e-01
9.300000000000000488e-01 4.251284286983137428e-01
9.200000000000000400e-01 3.741724181429554874e-01
9.100000000000000311e-01 3.250159122757913521e-01
9.000000000000000222e-01 2.776265036968656452e-01
8.900000000000000133e-01 2.320305923462072650e-01
8.800000000000000044e-01 1.883037443898965546e-01
8.699999999999999956e-01 1.465776515508702138e-01
8.599999999999999867e-01 1.070492217984402306e-01
8.500000000000000888e-01 6.998933221737693722e-02
8.400000000000000799e-01 3.571814053528891281e-02
8.300000000000000711e-01 4.583365120987136811e-03
8.200000000000000622e-01 1.729902399775007531e-07
