1.000000000000000000e+00 1.144785642094920730e+00
9.899999999999999911e-01 9.001942994761696903e-01
9.799999999999999822e-01 7.933183160668049183e-01
9.699999999999999734e-01 7.094381594669499913e-01
9.599999999999999645e-01 6.353186027417535575e-01
9.499999999999999556e-01 5.667560557148485501e-01
9.400000000000000577e-01 5.024641860728089604e-01
9.300000000000000488e-01 4.419960829030019078e-01
9.200000000000000400e-01 3.850540310136770228e-01
9.100000000000000311e-01 3.313870961463697418e-01
9.000000000000000222e-01 2.807728578802640707e-01
8.900000000000000133e-01 2.330511458409879610e-01
8.800000000000000044e-01 1.881092670576298698e-01
8.699999999999999956e-01 1.458773163929726890e-01
8.599999999999999867e-01 1.063336679128504270e-01
8.500000000000000888e-01 6.951495722851420977e-02
8.400000000000000799e-01 3.553367507370040063e-02
8.300000000000000711e-01 4.578842649401374323e-03
8.200000000000000622e-01 6.373178908564383393e-09
