1.000000000000000000e+00 9.658272332029368412e-01
9.899999999999999911e-01 8.596536294599946837e-01
9.799999999999999822e-01 7.739046547025428824e-01
9.699999999999999734e-01 7.004133075245259077e-01
9.599999999999999645e-01 6.327984432224883493e-01
9.499999999999999556e-01 5.682268166537354226e-01
9.400000000000000577e-01 5.064030815628797200e-01
9.300000000000000488e-01 4.472756315877500222e-01
9.200000000000000400e-01 3.908113426123233092e-01
9.100000000000000311e-01 3.369780919693755594e-01
9.000000000000000222e-01 2.857668043365386157e-01
8.900000000000000133e-01 2.371895383322373541e-01
8.800000000000000044e-01 1.912754602112503866e-01
8.699999999999999956e-01 1.480734770262947531e-01
8.599999999999999867e-01 1.076559564760909971e-01
8.500000000000000888e-01 7.014447797691128472e-02
8.400000000000000799e-01 3.572076123271784864e-02
8.300000000000000711e-01 4.583103773233966269e-03
8.200000000000000622e-01 1.503309195278333211e-08
