1.000000000000000000e+00 9.549106761169395829e-01
9.899999999999999911e-01 8.538557482397037823e-01
9.799999999999999822e-01 7.688084515714489475e-01
9.699999999999999734e-01 6.932764453706852237e-01
9.599999999999999645e-01 6.234979868478862652e-01
9.499999999999999556e-01 5.574953181838058214e-01
9.399999999999999467e-01 4.948624428791803531e-01
9.299999999999999378e-01 4.354710520800212370e-01
9.199999999999999289e-01 3.792146193139053212e-01
9.099999999999999201e-01 3.260236208726050577e-01
8.999999999999999112e-01 2.758254871049365953e-01
8.899999999999999023e-01 2.285520646994746441e-01
8.800000000000000044e-01 1.841555986216997232e-01
8.699999999999999956e-01 1.425855870155691152e-01
8.599999999999999867e-01 1.038157608751887340e-01
8.499999999999999778e-01 6.785275296029202874e-02
8.399999999999999689e-01 3.471169932975592953e-02
8.299999999999999600e-01 4.479026223572102339e-03
8.199999999999999512e-01 1.907541957724134818e-08
