1.000000000000000000e+00 8.115167750302121341e-01
9.899999999999999911e-01 7.450124069579486807e-01
9.799999999999999822e-01 6.837876147576089636e-01
9.699999999999999734e-01 6.252059389186968019e-01
9.599999999999999645e-01 5.685545772593272318e-01
9.499999999999999556e-01 5.137004892498295838e-01
9.399999999999999467e-01 4.606116485881601719e-01
9.299999999999999378e-01 4.092811294135021427e-01
9.199999999999999289e-01 3.597235616332814523e-01
9.099999999999999201e-01 3.119717403147208579e-01
8.999999999999999112e-01 2.660610728663650448e-01
8.899999999999999023e-01 2.220683999987107526e-01
8.800000000000000044e-01 1.800668442269910408e-01
8.699999999999999956e-01 1.401690594864701822e-01
8.599999999999999867e-01 1.025148007515972459e-01
8.499999999999999778e-01 6.726968861880866513e-02
8.399999999999999689e-01 3.459879352821149112e-02
8.299999999999999600e-01 4.522547075301641684e-03
8.199999999999999512e-01 2.498745654833101071e-09
