0.000000000000000000e+00 0.000000000000000000e+00
1.000000000000000021e-02 6.459532094429509819e-03
2.000000000000000042e-02 1.294817171400336475e-02
2.999999999999999889e-02 1.946862802319088148e-02
4.000000000000000083e-02 2.602332242787541716e-02
5.000000000000000278e-02 3.261474353417931349e-02
5.999999999999999778e-02 3.924523605525959136e-02
7.000000000000000666e-02 4.591667593893755672e-02
8.000000000000000167e-02 5.263031237984183708e-02
8.999999999999999667e-02 5.938718112192781229e-02
1.000000000000000056e-01 6.618877820280866242e-02
1.100000000000000006e-01 7.303678196255591892e-02
1.199999999999999956e-01 7.993299178193402632e-02
1.300000000000000044e-01 8.687929930205995355e-02
1.400000000000000133e-01 9.387770441100029561e-02
1.499999999999999944e-01 1.009304406928632769e-01
1.600000000000000033e-01 1.080394024594137914e-01
1.700000000000000122e-01 1.152072863624666876e-01
1.799999999999999933e-01 1.224363622977567290e-01
1.900000000000000022e-01 1.297291978346200025e-01
2.000000000000000111e-01 1.370885723318957528e-01
2.099999999999999922e-01 1.445173143849353137e-01
2.200000000000000011e-01 1.520182329399709653e-01
2.300000000000000100e-01 1.595942125597005767e-01
2.399999999999999911e-01 1.672478823584145347e-01
2.500000000000000000e-01 1.749818655693886060e-01
2.600000000000000089e-01 1.827985223933812908e-01
2.700000000000000178e-01 1.906999885569264641e-01
2.800000000000000266e-01 1.986882895962496232e-01
2.899999999999999800e-01 2.067652193996291077e-01
2.999999999999999889e-01 2.149325643207343206e-01
3.099999999999999978e-01 2.231916153728610852e-01
3.200000000000000067e-01 2.315435484556259138e-01
3.300000000000000155e-01 2.399899954528873225e-01
3.400000000000000244e-01 2.485330454732778138e-01
3.499999999999999778e-01 2.571732521273722427e-01
3.599999999999999867e-01 2.659117330970197091e-01
3.699999999999999956e-01 2.747501977316675892e-01
3.800000000000000044e-01 2.836921453862715770e-01
3.900000000000000133e-01 2.927439463022507571e-01
4.000000000000000222e-01 3.019118529596432898e-01
4.099999999999999756e-01 3.111987678413233871e-01
4.199999999999999845e-01 3.206077449421081971e-01
4.299999999999999933e-01 3.301419575843133059e-01
4.400000000000000022e-01 3.398040483341632223e-01
4.500000000000000111e-01 3.495936069940883684e-01
4.600000000000000200e-01 3.595088960456171989e-01
4.699999999999999734e-01 3.695064788404145983e-01
4.799999999999999822e-01 3.795064520303053079e-01
4.899999999999999911e-01 3.895064602374218032e-01
5.000000000000000000e-01 3.995064166685320384e-01
5.100000000000000089e-01 4.095064375695282588e-01
5.200000000000000178e-01 4.195065079666048247e-01
5.300000000000000266e-01 4.295064350985438040e-01
5.400000000000000355e-01 4.395089717529839790e-01
5.500000000000000444e-01 4.495935648148392527e-01
5.600000000000000533e-01 4.598039667724619917e-01
5.699999999999999512e-01 4.701418769750470572e-01
5.799999999999999600e-01 4.806076807681944896e-01
5.899999999999999689e-01 4.911989856252352848e-01
5.999999999999999778e-01 5.019118205394080823e-01
6.099999999999999867e-01 5.127439794810803031e-01
6.199999999999999956e-01 5.236922178806872052e-01
6.300000000000000044e-01 5.347500531667488399e-01
6.400000000000000133e-01 5.459118537721077136e-01
6.500000000000000222e-01 5.571733178178407409e-01
6.600000000000000311e-01 5.685330647409314597e-01
6.700000000000000400e-01 5.799900224023498696e-01
6.800000000000000488e-01 5.915436255724543235e-01
6.899999999999999467e-01 6.031914365907700137e-01
6.999999999999999556e-01 6.149324461921231721e-01
7.099999999999999645e-01 6.267651514914063249e-01
7.199999999999999734e-01 6.386882392157547939e-01
7.299999999999999822e-01 6.506999747622609354e-01
7.399999999999999911e-01 6.627985170684909111e-01
7.500000000000000000e-01 6.749818684702807436e-01
7.600000000000000089e-01 6.872478836717159645e-01
7.700000000000000178e-01 6.995942106228789648e-01
7.800000000000000266e-01 7.120182708511427760e-01
7.900000000000000355e-01 7.245173384397238792e-01
8.000000000000000444e-01 7.370885915928945264e-01
8.100000000000000533e-01 7.497292118221110524e-01
8.199999999999999512e-01 7.624365766724836568e-01
8.299999999999999600e-01 7.752074166060917149e-01
8.399999999999999689e-01 7.880394817196207935e-01
8.499999999999999778e-01 8.009303721036075130e-01
8.599999999999999867e-01 8.138777498532729915e-01
8.699999999999999956e-01 8.268793357074273320e-01
8.800000000000000044e-01 8.399330083836317185e-01
8.900000000000000133e-01 8.530367941878898019e-01
9.000000000000000222e-01 8.661888226181706507e-01
9.100000000000000311e-01 8.793872969391962613e-01
9.200000000000000400e-01 8.926302884055333786e-01
9.300000000000000488e-01 9.059166889110531473e-01
9.399999999999999467e-01 9.192453368258104440e-01
9.499999999999999556e-01 9.326148395029720817e-01
9.599999999999999645e-01 9.460233809064944044e-01
9.699999999999999734e-01 9.594687867176174834e-01
9.799999999999999822e-01 9.729482766268455762e-01
9.899999999999999911e-01 9.864595341320047117e-01
1.000000000000000000e+00 1.000000031788693011e+00
