0.000000000000000000e+00 0.000000000000000000e+00
1.000000000000000021e-02 9.937183238412417019e-03
2.000000000000000042e-02 1.987563171133033268e-02
2.999999999999999889e-02 2.981532919845553131e-02
4.000000000000000083e-02 3.975628923399132653e-02
5.000000000000000278e-02 4.969849719297037005e-02
5.999999999999999778e-02 5.964197083376576725e-02
7.000000000000000666e-02 6.958669665768923984e-02
8.000000000000000167e-02 7.953268171624383598e-02
8.999999999999999667e-02 8.947992647529540156e-02
1.000000000000000056e-01 9.942843212799873376e-02
1.100000000000000006e-01 1.093781983782917688e-01
1.199999999999999956e-01 1.193292259458368365e-01
1.300000000000000044e-01 1.292815118175663636e-01
1.400000000000000133e-01 1.392350667769994832e-01
1.499999999999999944e-01 1.491898880993796639e-01
1.600000000000000033e-01 1.591459763704018981e-01
1.700000000000000122e-01 1.691033384354508340e-01
1.799999999999999933e-01 1.790619637741751591e-01
1.900000000000000022e-01 1.890218741973666017e-01
2.000000000000000111e-01 1.989830636471473513e-01
2.099999999999999922e-01 2.089455269950016847e-01
2.200000000000000011e-01 2.189092698598658071e-01
2.300000000000000100e-01 2.288742894842106801e-01
2.399999999999999911e-01 2.388405795081015581e-01
2.500000000000000000e-01 2.488081315598910659e-01
2.600000000000000089e-01 2.587771085865996912e-01
2.700000000000000178e-01 2.687472277639664786e-01
2.800000000000000266e-01 2.787186515847756563e-01
2.899999999999999800e-01 2.886913732654678433e-01
2.999999999999999889e-01 2.986652348292124226e-01
3.099999999999999978e-01 3.086406253959895207e-01
3.200000000000000067e-01 3.186171605473934187e-01
3.300000000000000155e-01 3.285949691693644259e-01
3.400000000000000244e-01 3.385740501482369380e-01
3.499999999999999778e-01 3.485544076622306697e-01
3.599999999999999867e-01 3.585360233653263062e-01
3.699999999999999956e-01 3.685189135051273324e-01
3.800000000000000044e-01 3.785030041642548082e-01
3.900000000000000133e-01 3.884884629080490592e-01
4.000000000000000222e-01 3.984752233611998928e-01
4.099999999999999756e-01 4.084633171008713037e-01
4.199999999999999845e-01 4.184525859387626667e-01
4.299999999999999933e-01 4.284431387316494089e-01
4.400000000000000022e-01 4.384350036333604095e-01
4.500000000000000111e-01 4.484282241670970448e-01
4.600000000000000200e-01 4.584226530786546516e-01
4.699999999999999734e-01 4.684184343809144613e-01
4.799999999999999822e-01 4.784155080065676247e-01
4.899999999999999911e-01 4.884138293732321889e-01
5.000000000000000000e-01 4.984133326859258029e-01
5.100000000000000089e-01 5.084138198083993920e-01
5.200000000000000178e-01 5.184155542614607981e-01
5.300000000000000266e-01 5.284184352630472148e-01
5.400000000000000355e-01 5.384226522430971551e-01
5.500000000000000444e-01 5.484281811641260607e-01
5.600000000000000533e-01 5.584350149292861554e-01
5.699999999999999512e-01 5.684431471318102114e-01
5.799999999999999600e-01 5.784525851005171138e-01
5.899999999999999689e-01 5.884632281722080860e-01
5.999999999999999778e-01 5.984752389405593176e-01
6.099999999999999867e-01 6.084885084895584884e-01
6.199999999999999956e-01 6.185030532549533611e-01
6.300000000000000044e-01 6.285188765643534570e-01
6.400000000000000133e-01 6.385359624305450010e-01
6.500000000000000222e-01 6.485543259535856420e-01
6.600000000000000311e-01 6.585739700752806236e-01
6.700000000000000400e-01 6.685948893624298339e-01
6.800000000000000488e-01 6.786170833031948124e-01
6.899999999999999467e-01 6.886405542874964869e-01
6.999999999999999556e-01 6.986652984767028896e-01
7.099999999999999645e-01 7.086913211015867242e-01
7.199999999999999734e-01 7.187186152050006882e-01
7.299999999999999822e-01 7.287471863994512411e-01
7.399999999999999911e-01 7.387770416351143732e-01
7.500000000000000000e-01 7.488081823444406870e-01
7.600000000000000089e-01 7.588406091244400686e-01
7.700000000000000178e-01 7.688743090327662122e-01
7.800000000000000266e-01 7.789092895276096273e-01
7.900000000000000355e-01 7.889455479211348043e-01
8.000000000000000444e-01 7.989830809931934841e-01
8.100000000000000533e-01 8.090218913352744678e-01
8.199999999999999512e-01 8.190619784360599898e-01
8.299999999999999600e-01 8.291033408158521301e-01
8.399999999999999689e-01 8.391459763637456604e-01
8.499999999999999778e-01 8.491898851620340860e-01
8.599999999999999867e-01 8.592351230313124422e-01
8.699999999999999956e-01 8.692815551135935070e-01
8.800000000000000044e-01 8.793292520352797847e-01
8.900000000000000133e-01 8.893782182888612109e-01
9.000000000000000222e-01 8.994284568543273739e-01
9.100000000000000311e-01 9.094799461081776171e-01
9.200000000000000400e-01 9.195326941577581792e-01
9.300000000000000488e-01 9.295867025837503128e-01
9.399999999999999467e-01 9.396419781803364568e-01
9.499999999999999556e-01 9.496985078311587225e-01
9.599999999999999645e-01 9.597562879380578948e-01
9.699999999999999734e-01 9.698153285031186899e-01
9.799999999999999822e-01 9.798756309923861707e-01
9.899999999999999911e-01 9.899371535995546978e-01
1.000000000000000000e+00 1.000000009914102872e+00
