0.000000000000000000e+00 0.000000000000000000e+00
2.000000000000000042e-02 5.627325550393857956e-03
4.000000000000000083e-02 1.135991779706946314e-02
5.999999999999999778e-02 1.721454912138969950e-02
8.000000000000000167e-02 2.320901391749966014e-02
1.000000000000000056e-01 2.936394176011666857e-02
1.199999999999999956e-01 3.570258370932369307e-02
1.400000000000000133e-01 4.225167856200934269e-02
1.600000000000000033e-01 4.904204512545234929e-02
1.799999999999999933e-01 5.610894207471056605e-02
2.000000000000000111e-01 6.349337757384326819e-02
2.200000000000000011e-01 7.124260547185545800e-02
2.399999999999999911e-01 7.941186578692932541e-02
2.600000000000000089e-01 8.806270884542424793e-02
2.800000000000000266e-01 9.726137097701659240e-02
2.999999999999999889e-01 1.070763688377160960e-01
3.200000000000000067e-01 1.175796094344561948e-01
3.400000000000000244e-01 1.288480976180207682e-01
3.599999999999999867e-01 1.409611654712387141e-01
3.800000000000000044e-01 1.540108653186645360e-01
4.000000000000000222e-01 1.681015326686201572e-01
4.199999999999999845e-01 1.833407060248158638e-01
4.400000000000000022e-01 1.998410788305946262e-01
4.600000000000000200e-01 2.176967275116058476e-01
4.799999999999999822e-01 2.369422333168527683e-01
5.000000000000000000e-01 2.569408694903205226e-01
5.200000000000000178e-01 2.769425818117723925e-01
5.400000000000000355e-01 2.976970923985756690e-01
5.600000000000000533e-01 3.198413534399648928e-01
5.799999999999999600e-01 3.433406605660788147e-01
5.999999999999999778e-01 3.681015189757437800e-01
6.199999999999999956e-01 3.940108558037411779e-01
6.400000000000000133e-01 4.209611526005923032e-01
6.600000000000000311e-01 4.488480896647584206e-01
6.800000000000000488e-01 4.775797658928973011e-01
6.999999999999999556e-01 5.070765667276215805e-01
7.199999999999999734e-01 5.372615945111087754e-01
7.399999999999999911e-01 5.680626594136831686e-01
7.600000000000000089e-01 5.994118273257877938e-01
7.800000000000000266e-01 6.312428822104589887e-01
8.000000000000000444e-01 6.634934505132119575e-01
8.199999999999999512e-01 6.961089555175168364e-01
8.399999999999999689e-01 7.290420894277545028e-01
8.599999999999999867e-01 7.622517089970443083e-01
8.800000000000000044e-01 7.957026289923370133e-01
9.000000000000000222e-01 8.293641561155848940e-01
9.200000000000000400e-01 8.632090506229674887e-01
9.399999999999999467e-01 8.972145974140948166e-01
9.599999999999999645e-01 9.313600081032462619e-01
9.799999999999999822e-01 9.656273983092247271e-01
1.000000000000000000e+00 1.000000003507057311e+00
