0.000000000000000000e+00 0.000000000000000000e+00
1.000000000000000021e-02 5.301805823366256831e-03
2.000000000000000042e-02 1.063460654498271651e-02
2.999999999999999889e-02 1.600154670684861280e-02
4.000000000000000083e-02 2.140464140039755048e-02
5.000000000000000278e-02 2.684544982403236357e-02
5.999999999999999778e-02 3.232583164839780698e-02
7.000000000000000666e-02 3.784775130914697083e-02
8.000000000000000167e-02 4.341330777888352532e-02
8.999999999999999667e-02 4.902433049517418429e-02
1.000000000000000056e-01 5.468306414861295872e-02
1.100000000000000006e-01 6.039182568260981210e-02
1.199999999999999956e-01 6.615310256011019963e-02
1.300000000000000044e-01 7.196953690204152543e-02
1.400000000000000133e-01 7.784390181972367095e-02
1.499999999999999944e-01 8.377914346294954018e-02
1.600000000000000033e-01 8.977839457466521567e-02
1.700000000000000122e-01 9.584500153211172879e-02
1.799999999999999933e-01 1.019825490365089682e-01
1.900000000000000022e-01 1.081948353558224163e-01
2.000000000000000111e-01 1.144859168856631193e-01
2.099999999999999922e-01 1.208598451667814155e-01
2.200000000000000011e-01 1.273208546070325187e-01
2.300000000000000100e-01 1.338736714046714071e-01
2.399999999999999911e-01 1.405230464788780886e-01
2.500000000000000000e-01 1.472735544742624081e-01
2.600000000000000089e-01 1.541294976661420069e-01
2.700000000000000178e-01 1.610949237759592145e-01
2.800000000000000266e-01 1.681737928518917680e-01
2.899999999999999800e-01 1.753700727712571295e-01
2.999999999999999889e-01 1.826873738754589416e-01
3.099999999999999978e-01 1.901286059542822704e-01
3.200000000000000067e-01 1.976980914859878258e-01
3.300000000000000155e-01 2.054004365083314521e-01
3.400000000000000244e-01 2.132382982498899626e-01
3.499999999999999778e-01 2.212141347458576324e-01
3.599999999999999867e-01 2.293314508355378811e-01
3.699999999999999956e-01 2.375952350767288612e-01
3.800000000000000044e-01 2.460125925146358916e-01
3.900000000000000133e-01 2.545919120276963765e-01
4.000000000000000222e-01 2.633397258154852594e-01
4.099999999999999756e-01 2.722608722821149296e-01
4.199999999999999845e-01 2.813601218742188270e-01
4.299999999999999933e-01 2.906409467805936564e-01
4.400000000000000022e-01 3.001045387114731899e-01
4.500000000000000111e-01 3.097500743901431819e-01
4.600000000000000200e-01 3.195741821622301582e-01
4.699999999999999734e-01 3.295511696912811206e-01
4.799999999999999822e-01 3.395510923622271360e-01
4.899999999999999911e-01 3.495511332884583822e-01
5.000000000000000000e-01 3.595511886812050029e-01
5.100000000000000089e-01 3.695511170450823668e-01
5.200000000000000178e-01 3.795510952583820430e-01
5.300000000000000266e-01 3.895511917376798805e-01
5.400000000000000355e-01 3.995739544911903751e-01
5.500000000000000444e-01 4.097500016253292632e-01
5.600000000000000533e-01 4.201044514365401827e-01
5.699999999999999512e-01 4.306407822070508762e-01
5.799999999999999600e-01 4.413600658716611003e-01
5.899999999999999689e-01 4.522607646258490210e-01
5.999999999999999778e-01 4.633395467901555986e-01
6.099999999999999867e-01 4.745917033847518729e-01
6.199999999999999956e-01 4.860124962296102913e-01
6.300000000000000044e-01 4.975951994312917126e-01
6.400000000000000133e-01 5.093314682118463832e-01
6.500000000000000222e-01 5.212141340083019658e-01
6.600000000000000311e-01 5.332382828925996687e-01
6.700000000000000400e-01 5.454004465226227616e-01
6.800000000000000488e-01 5.576981016802211588e-01
6.899999999999999467e-01 5.701286228786608401e-01
6.999999999999999556e-01 5.826871648920621816e-01
7.099999999999999645e-01 5.953699521845895459e-01
7.199999999999999734e-01 6.081736991884416632e-01
7.299999999999999822e-01 6.210948329554130121e-01
7.399999999999999911e-01 6.341294403341825037e-01
7.500000000000000000e-01 6.472735417594214224e-01
7.600000000000000089e-01 6.605230481023702804e-01
7.700000000000000178e-01 6.738736737224535478e-01
7.800000000000000266e-01 6.873208696497674630e-01
7.900000000000000355e-01 7.008598537917450910e-01
8.000000000000000444e-01 7.144859061263263422e-01
8.100000000000000533e-01 7.281948174872463486e-01
8.199999999999999512e-01 7.419827125665037215e-01
8.299999999999999600e-01 7.558451176321494547e-01
8.399999999999999689e-01 7.697784794543988118e-01
8.499999999999999778e-01 7.837792080393093386e-01
8.599999999999999867e-01 7.978439468245017707e-01
8.699999999999999956e-01 8.119695608360626427e-01
8.800000000000000044e-01 8.261531127949170994e-01
8.900000000000000133e-01 8.403918236206955328e-01
9.000000000000000222e-01 8.546830986661855256e-01
9.100000000000000311e-01 8.690244111068251565e-01
9.200000000000000400e-01 8.834132426011196415e-01
9.300000000000000488e-01 8.978477892552557682e-01
9.399999999999999467e-01 9.123258961360716235e-01
9.499999999999999556e-01 9.268455255743819343e-01
9.599999999999999645e-01 9.414046983890255182e-01
9.699999999999999734e-01 9.560016817800202071e-01
9.799999999999999822e-01 9.706347369614306553e-01
9.899999999999999911e-01 9.853018109695310667e-01
1.000000000000000000e+00 1.000000003410140836e+00
