0.000000000000000000e+00 0.000000000000000000e+00
2.000000000000000042e-02 1.508918018445278009e-03
4.000000000000000083e-02 3.069396992634129684e-03
5.999999999999999778e-02 4.689624959445103103e-03
8.000000000000000167e-02 6.379455524074921502e-03
1.000000000000000056e-01 8.150754532209585068e-03
1.199999999999999956e-01 1.001769711503402993e-02
1.400000000000000133e-01 1.199432833458580899e-02
1.600000000000000033e-01 1.409583508479594904e-02
1.799999999999999933e-01 1.634223711509204952e-02
2.000000000000000111e-01 1.875825389369804863e-02
2.200000000000000011e-01 2.137434162998566589e-02
2.399999999999999911e-01 2.422810908199962698e-02
2.600000000000000089e-01 2.736637556717740755e-02
2.800000000000000266e-01 3.084789537441657431e-02
2.999999999999999889e-01 3.474662054014777263e-02
3.200000000000000067e-01 3.915669011359752816e-02
3.400000000000000244e-01 4.419750799576745159e-02
3.599999999999999867e-01 5.002066875706674687e-02
3.800000000000000044e-01 5.681543277945586001e-02
4.000000000000000222e-01 6.481157440113458068e-02
4.199999999999999845e-01 7.429154466299695003e-02
4.400000000000000022e-01 8.558128981943885494e-02
4.600000000000000200e-01 9.914624261488144685e-02
4.799999999999999822e-01 1.161115593821085423e-01
5.000000000000000000e-01 1.359201050882988815e-01
5.200000000000000178e-01 1.561114064098708953e-01
5.400000000000000355e-01 1.791466232367633082e-01
5.600000000000000533e-01 2.055817183126490422e-01
5.799999999999999600e-01 2.342914717223227861e-01
5.999999999999999778e-01 2.648112442253429677e-01
6.199999999999999956e-01 2.968154116856436819e-01
6.400000000000000133e-01 3.300206824187420507e-01
6.600000000000000311e-01 3.641975929729940331e-01
6.800000000000000488e-01 3.991567427176738181e-01
6.999999999999999556e-01 4.347466284060368391e-01
7.199999999999999734e-01 4.708479755253988652e-01
7.399999999999999911e-01 5.073664596476982203e-01
7.600000000000000089e-01 5.442281839621001538e-01
7.800000000000000266e-01 5.813743068451585616e-01
8.000000000000000444e-01 6.187582220229068675e-01
8.199999999999999512e-01 6.563422084215330132e-01
8.399999999999999689e-01 6.940958358957741714e-01
8.599999999999999867e-01 7.319943365070358254e-01
8.800000000000000044e-01 7.700176844035107049e-01
9.000000000000000222e-01 8.081507621183654511e-01
9.200000000000000400e-01 8.463794567715823280e-01
9.399999999999999467e-01 8.846896165307810422e-01
9.599999999999999645e-01 9.230693844760013977e-01
9.799999999999999822e-01 9.615088916185381418e-01
1.000000000000000000e+00 1.000000005038202078e+00
