0.000000000000000000e+00 0.000000000000000000e+00
2.000000000000000042e-02 8.197838941064627960e-03
4.000000000000000083e-02 1.652078295175452016e-02
5.999999999999999778e-02 2.498534504752000784e-02
8.000000000000000167e-02 3.360860620391140086e-02
1.000000000000000056e-01 4.241014580761814923e-02
1.199999999999999956e-01 5.141098205500216345e-02
1.400000000000000133e-01 6.063573505348032744e-02
1.600000000000000033e-01 7.011214644008792463e-02
1.799999999999999933e-01 7.987184540171812785e-02
2.000000000000000111e-01 8.995156278581373233e-02
2.200000000000000011e-01 1.003929227573957250e-01
2.399999999999999911e-01 1.112430797405304650e-01
2.600000000000000089e-01 1.225541752563557574e-01
2.800000000000000266e-01 1.343781499423488679e-01
2.999999999999999889e-01 1.467655658783894868e-01
3.200000000000000067e-01 1.597665020211037623e-01
3.400000000000000244e-01 1.734358300109883899e-01
3.599999999999999867e-01 1.878232962582698506e-01
3.800000000000000044e-01 2.029919290241905261e-01
4.000000000000000222e-01 2.190184019570772245e-01
4.199999999999999845e-01 2.359716578749633809e-01
4.400000000000000022e-01 2.539059668004984838e-01
4.600000000000000200e-01 2.728464531576457741e-01
4.799999999999999822e-01 2.926844211984597210e-01
5.000000000000000000e-01 3.126844663057004037e-01
5.200000000000000178e-01 3.326844453883091024e-01
5.400000000000000355e-01 3.528463878212843574e-01
5.600000000000000533e-01 3.739062417474153799e-01
5.799999999999999600e-01 3.959715780934573992e-01
5.999999999999999778e-01 4.190182250840610578e-01
6.199999999999999956e-01 4.429921570709353107e-01
6.400000000000000133e-01 4.678231778289337339e-01
6.600000000000000311e-01 4.934357615001609965e-01
6.800000000000000488e-01 5.197665352705125308e-01
6.999999999999999556e-01 5.467654338133112191e-01
7.199999999999999734e-01 5.743780598323432462e-01
7.399999999999999911e-01 6.025541252878074960e-01
7.600000000000000089e-01 6.312430610784801610e-01
7.800000000000000266e-01 6.603929314198936362e-01
8.000000000000000444e-01 6.899517191349801015e-01
8.199999999999999512e-01 7.198718829411698827e-01
8.399999999999999689e-01 7.501121902357926752e-01
8.599999999999999867e-01 7.806357697479315849e-01
8.800000000000000044e-01 8.114109984677927434e-01
9.000000000000000222e-01 8.424102267612172401e-01
9.200000000000000400e-01 8.736086266864075967e-01
9.399999999999999467e-01 9.049853248191908062e-01
9.599999999999999645e-01 9.365208293803384265e-01
9.799999999999999822e-01 9.681979025747858847e-01
1.000000000000000000e+00 1.000000004132485465e+00
