0.000000000000000000e+00 0.000000000000000000e+00
2.000000000000000042e-02 1.987563171133033268e-02
4.000000000000000083e-02 3.975628923399132653e-02
5.999999999999999778e-02 5.964197083376576725e-02
8.000000000000000167e-02 7.953268171624383598e-02
1.000000000000000056e-01 9.942843212799873376e-02
1.199999999999999956e-01 1.193292259458368365e-01
1.400000000000000133e-01 1.392350667769994832e-01
1.600000000000000033e-01 1.591459763704018981e-01
1.799999999999999933e-01 1.790619637741751591e-01
2.000000000000000111e-01 1.989830636471473513e-01
2.200000000000000011e-01 2.189092698598658071e-01
2.399999999999999911e-01 2.388405795081015581e-01
2.600000000000000089e-01 2.587771085865996912e-01
2.800000000000000266e-01 2.787186515847756563e-01
2.999999999999999889e-01 2.986652348292124226e-01
3.200000000000000067e-01 3.186171605473934187e-01
3.400000000000000244e-01 3.385740501482369380e-01
3.599999999999999867e-01 3.585360233653263062e-01
3.800000000000000044e-01 3.785030041642548082e-01
4.000000000000000222e-01 3.984752233611998928e-01
4.199999999999999845e-01 4.184525859387626667e-01
4.400000000000000022e-01 4.384350036333604095e-01
4.600000000000000200e-01 4.584226530786546516e-01
4.799999999999999822e-01 4.784155080065676247e-01
5.000000000000000000e-01 4.984133326859258029e-01
5.200000000000000178e-01 5.184155542614607981e-01
5.400000000000000355e-01 5.384226522430971551e-01
5.600000000000000533e-01 5.584350149292861554e-01
5.799999999999999600e-01 5.784525851005171138e-01
5.999999999999999778e-01 5.984752389405593176e-01
6.199999999999999956e-01 6.185030532549533611e-01
6.400000000000000133e-01 6.385359624305450010e-01
6.600000000000000311e-01 6.585739700752806236e-01
6.800000000000000488e-01 6.786170833031948124e-01
6.999999999999999556e-01 6.986652984767028896e-01
7.199999999999999734e-01 7.187186152050006882e-01
7.399999999999999911e-01 7.387770416351143732e-01
7.600000000000000089e-01 7.588406091244400686e-01
7.800000000000000266e-01 7.789092895276096273e-01
8.000000000000000444e-01 7.989830809931934841e-01
8.199999999999999512e-01 8.190619784360599898e-01
8.399999999999999689e-01 8.391459763637456604e-01
8.599999999999999867e-01 8.592351230313124422e-01
8.800000000000000044e-01 8.793292520352797847e-01
9.000000000000000222e-01 8.994284568543273739e-01
9.200000000000000400e-01 9.195326941577581792e-01
9.399999999999999467e-01 9.396419781803364568e-01
9.599999999999999645e-01 9.597562879380578948e-01
9.799999999999999822e-01 9.798756309923861707e-01
1.000000000000000000e+00 1.000000009914102872e+00
