0.000000000000000000e+00 0.000000000000000000e+00
1.000000000000000021e-02 1.451172174131917791e-03
2.000000000000000042e-02 2.919815555806282159e-03
2.999999999999999889e-02 4.407676519368963763e-03
4.000000000000000083e-02 5.916777815284018915e-03
5.000000000000000278e-02 7.448818486125691196e-03
5.999999999999999778e-02 9.005999441800846550e-03
7.000000000000000666e-02 1.059045979896997003e-02
8.000000000000000167e-02 1.220450836108120940e-02
8.999999999999999667e-02 1.385088742419565699e-02
1.000000000000000056e-01 1.553210761379837657e-02
1.100000000000000006e-01 1.725025039642143210e-02
1.199999999999999956e-01 1.900821946136514728e-02
1.300000000000000044e-01 2.080891692388985026e-02
1.400000000000000133e-01 2.265504005376295371e-02
1.499999999999999944e-01 2.455006180508470526e-02
1.600000000000000033e-01 2.649771720162577560e-02
1.700000000000000122e-01 2.850213010729854557e-02
1.799999999999999933e-01 3.056772619517231226e-02
1.900000000000000022e-01 3.269943015005168097e-02
2.000000000000000111e-01 3.490253844393151339e-02
2.099999999999999922e-01 3.718283914004193169e-02
2.200000000000000011e-01 3.954663554330502262e-02
2.300000000000000100e-01 4.200078940585970366e-02
2.399999999999999911e-01 4.455276582749236047e-02
2.500000000000000000e-01 4.721067631583922286e-02
2.600000000000000089e-01 4.998333750567064693e-02
2.700000000000000178e-01 5.288031194445641514e-02
2.800000000000000266e-01 5.590848185719096697e-02
2.899999999999999800e-01 5.907633167712962596e-02
2.999999999999999889e-01 6.239510787823092375e-02
3.099999999999999978e-01 6.587691615755458807e-02
3.200000000000000067e-01 6.953504712839728152e-02
3.300000000000000155e-01 7.338309995069883240e-02
3.400000000000000244e-01 7.743679061786894191e-02
3.499999999999999778e-01 8.171209054894190693e-02
3.599999999999999867e-01 8.622609125418406739e-02
3.699999999999999956e-01 9.099680808073545846e-02
3.800000000000000044e-01 9.604310412943919961e-02
3.900000000000000133e-01 1.013848155872724144e-01
4.000000000000000222e-01 1.070415498726594306e-01
4.099999999999999756e-01 1.130328687063762716e-01
4.199999999999999845e-01 1.193812527145737823e-01
4.299999999999999933e-01 1.261282120284348551e-01
4.400000000000000022e-01 1.333115334372386440e-01
4.500000000000000111e-01 1.409728923560190916e-01
4.600000000000000200e-01 1.491544879622647701e-01
4.699999999999999734e-01 1.578947602504588987e-01
4.799999999999999822e-01 1.672268436029565597e-01
4.899999999999999911e-01 1.771211236057549931e-01
5.000000000000000000e-01 1.871211436520069660e-01
5.100000000000000089e-01 1.971211284049802503e-01
5.200000000000000178e-01 2.072266635797032075e-01
5.300000000000000266e-01 2.178945865330782494e-01
5.400000000000000355e-01 2.291544222896350347e-01
5.500000000000000444e-01 2.409727248350341244e-01
5.600000000000000533e-01 2.533113611492880946e-01
5.699999999999999512e-01 2.661280118947554341e-01
5.799999999999999600e-01 2.793812129146159284e-01
5.899999999999999689e-01 2.930328826800518427e-01
5.999999999999999778e-01 3.070415512694323334e-01
6.099999999999999867e-01 3.213848155355391034e-01
6.199999999999999956e-01 3.360431008336314251e-01
6.300000000000000044e-01 3.509968015908954131e-01
6.400000000000000133e-01 3.662261859301113032e-01
6.500000000000000222e-01 3.817121333716161913e-01
6.600000000000000311e-01 3.974368219147403347e-01
6.700000000000000400e-01 4.133831142860950880e-01
6.800000000000000488e-01 4.295348518569087060e-01
6.899999999999999467e-01 4.458768813373358286e-01
6.999999999999999556e-01 4.623952274300208165e-01
7.099999999999999645e-01 4.790764100584092855e-01
7.199999999999999734e-01 4.959084238557900370e-01
7.299999999999999822e-01 5.128802736633339965e-01
7.399999999999999911e-01 5.299833176383971223e-01
7.500000000000000000e-01 5.472107138533837123e-01
7.600000000000000089e-01 5.645527804861136811e-01
7.700000000000000178e-01 5.820007965770687131e-01
7.800000000000000266e-01 5.995466401860147787e-01
7.900000000000000355e-01 6.171829364366078208e-01
8.000000000000000444e-01 6.349026003301492249e-01
8.100000000000000533e-01 6.526994815554462148e-01
8.199999999999999512e-01 6.705677903891145153e-01
8.299999999999999600e-01 6.885021133776472180e-01
8.399999999999999689e-01 7.064977165336432385e-01
8.499999999999999778e-01 7.245500628528775966e-01
8.599999999999999867e-01 7.426550535189349045e-01
8.699999999999999956e-01 7.608088826411086858e-01
8.800000000000000044e-01 7.790082163438242224e-01
8.900000000000000133e-01 7.972502605035824974e-01
9.000000000000000222e-01 8.155321225063159041e-01
9.100000000000000311e-01 8.338509391859050268e-01
9.200000000000000400e-01 8.522045744833186554e-01
9.300000000000000488e-01 8.705904287186627677e-01
9.399999999999999467e-01 8.890059643151780877e-01
9.499999999999999556e-01 9.074489909725828030e-01
9.599999999999999645e-01 9.259167462088804257e-01
9.699999999999999734e-01 9.444078787854603974e-01
9.799999999999999822e-01 9.629199251412647875e-01
9.899999999999999911e-01 9.814512543027499314e-01
1.000000000000000000e+00 1.000000004623564642e+00
