0.000000000000000000e+00 0.000000000000000000e+00
1.000000000000000021e-02 4.084440055004329162e-03
2.000000000000000042e-02 8.197838941064627960e-03
2.999999999999999889e-02 1.234262996025764503e-02
4.000000000000000083e-02 1.652078295175452016e-02
5.000000000000000278e-02 2.073429695306250320e-02
5.999999999999999778e-02 2.498534504752000784e-02
7.000000000000000666e-02 2.927592083551011637e-02
8.000000000000000167e-02 3.360860620391140086e-02
8.999999999999999667e-02 3.798591459528069536e-02
1.000000000000000056e-01 4.241014580761814923e-02
1.100000000000000006e-01 4.688418851357817330e-02
1.199999999999999956e-01 5.141098205500216345e-02
1.300000000000000044e-01 5.599370634092143417e-02
1.400000000000000133e-01 6.063573505348032744e-02
1.499999999999999944e-01 6.534061849182032367e-02
1.600000000000000033e-01 7.011214644008792463e-02
1.700000000000000122e-01 7.495440337788966678e-02
1.799999999999999933e-01 7.987184540171812785e-02
1.900000000000000022e-01 8.486918812265811796e-02
2.000000000000000111e-01 8.995156278581373233e-02
2.099999999999999922e-01 9.512430394412391133e-02
2.200000000000000011e-01 1.003929227573957250e-01
2.300000000000000100e-01 1.057637119551908533e-01
2.399999999999999911e-01 1.112430797405304650e-01
2.500000000000000000e-01 1.168377053085137285e-01
2.600000000000000089e-01 1.225541752563557574e-01
2.700000000000000178e-01 1.283988748639851296e-01
2.800000000000000266e-01 1.343781499423488679e-01
2.899999999999999800e-01 1.404983355490645458e-01
2.999999999999999889e-01 1.467655658783894868e-01
3.099999999999999978e-01 1.531859874712662717e-01
3.200000000000000067e-01 1.597665020211037623e-01
3.300000000000000155e-01 1.665144145363477990e-01
3.400000000000000244e-01 1.734358300109883899e-01
3.499999999999999778e-01 1.805364646671124562e-01
3.599999999999999867e-01 1.878232962582698506e-01
3.699999999999999956e-01 1.953049856269136186e-01
3.800000000000000044e-01 2.029919290241905261e-01
3.900000000000000133e-01 2.108936955003710700e-01
4.000000000000000222e-01 2.190184019570772245e-01
4.099999999999999756e-01 2.273751898513186043e-01
4.199999999999999845e-01 2.359716578749633809e-01
4.299999999999999933e-01 2.448138207740531147e-01
4.400000000000000022e-01 2.539059668004984838e-01
4.500000000000000111e-01 2.632504336761923858e-01
4.600000000000000200e-01 2.728464531576457741e-01
4.699999999999999734e-01 2.826875523659603262e-01
4.799999999999999822e-01 2.926844211984597210e-01
4.899999999999999911e-01 3.026843509318903891e-01
5.000000000000000000e-01 3.126844663057004037e-01
5.100000000000000089e-01 3.226843495475121282e-01
5.200000000000000178e-01 3.326844453883091024e-01
5.300000000000000266e-01 3.426874662746083322e-01
5.400000000000000355e-01 3.528463878212843574e-01
5.500000000000000444e-01 3.632503092449534399e-01
5.600000000000000533e-01 3.739062417474153799e-01
5.699999999999999512e-01 3.848136711399219867e-01
5.799999999999999600e-01 3.959715780934573992e-01
5.899999999999999689e-01 4.073750365623650116e-01
5.999999999999999778e-01 4.190182250840610578e-01
6.099999999999999867e-01 4.308939300857668186e-01
6.199999999999999956e-01 4.429921570709353107e-01
6.300000000000000044e-01 4.553052080861770268e-01
6.400000000000000133e-01 4.678231778289337339e-01
6.500000000000000222e-01 4.805363770171958149e-01
6.600000000000000311e-01 4.934357615001609965e-01
6.700000000000000400e-01 5.065147455513111518e-01
6.800000000000000488e-01 5.197665352705125308e-01
6.899999999999999467e-01 5.331857040950012117e-01
6.999999999999999556e-01 5.467654338133112191e-01
7.099999999999999645e-01 5.604982400358538008e-01
7.199999999999999734e-01 5.743780598323432462e-01
7.299999999999999822e-01 5.883987965747479176e-01
7.399999999999999911e-01 6.025541252878074960e-01
7.500000000000000000e-01 6.168376687213545928e-01
7.600000000000000089e-01 6.312430610784801610e-01
7.700000000000000178e-01 6.457637032488794393e-01
7.800000000000000266e-01 6.603929314198936362e-01
7.900000000000000355e-01 6.751245256131038763e-01
8.000000000000000444e-01 6.899517191349801015e-01
8.100000000000000533e-01 7.048692758103639600e-01
8.199999999999999512e-01 7.198718829411698827e-01
8.299999999999999600e-01 7.349544611936712490e-01
8.399999999999999689e-01 7.501121902357926752e-01
8.499999999999999778e-01 7.653406589367994783e-01
8.599999999999999867e-01 7.806357697479315849e-01
8.699999999999999956e-01 7.959937339635673181e-01
8.800000000000000044e-01 8.114109984677927434e-01
8.900000000000000133e-01 8.268842130907816390e-01
9.000000000000000222e-01 8.424102267612172401e-01
9.100000000000000311e-01 8.579858491454244174e-01
9.200000000000000400e-01 8.736086266864075967e-01
9.300000000000000488e-01 8.892759686051827650e-01
9.399999999999999467e-01 9.049853248191908062e-01
9.499999999999999556e-01 9.207343694337756235e-01
9.599999999999999645e-01 9.365208293803384265e-01
9.699999999999999734e-01 9.523427058355511399e-01
9.799999999999999822e-01 9.681979025747858847e-01
9.899999999999999911e-01 9.840845299957459158e-01
1.000000000000000000e+00 1.000000004132485465e+00
