0.000000000000000000e+00 0.000000000000000000e+00
1.000000000000000021e-02 1.564730341235733904e-09
2.000000000000000042e-02 2.737401570621312979e-09
2.999999999999999889e-02 2.638258266887022701e-10
4.000000000000000083e-02 3.266527513186495102e-10
5.000000000000000278e-02 2.950539074669843414e-10
5.999999999999999778e-02 5.537688742390640379e-10
7.000000000000000666e-02 2.340946951501375542e-09
8.000000000000000167e-02 1.044453909687012943e-09
8.999999999999999667e-02 7.231508441545659415e-09
1.000000000000000056e-01 8.096419865676234796e-09
1.100000000000000006e-01 2.179541548226955501e-09
1.199999999999999956e-01 3.088567680682803082e-09
1.300000000000000044e-01 3.801032574499033415e-09
1.400000000000000133e-01 4.680685764729441990e-09
1.499999999999999944e-01 5.779311530980673450e-09
1.600000000000000033e-01 7.954853938707525187e-09
1.700000000000000122e-01 1.011229553141578172e-08
1.799999999999999933e-01 1.188692460147651569e-08
1.900000000000000022e-01 1.473935646264868589e-08
2.000000000000000111e-01 1.736289899779773975e-08
2.099999999999999922e-01 2.117157941512055804e-08
2.200000000000000011e-01 2.553932297406737989e-08
2.300000000000000100e-01 2.967881736602525897e-08
2.399999999999999911e-01 3.513596461433344163e-08
2.500000000000000000e-01 4.133495196840604542e-08
2.600000000000000089e-01 4.930922020765238920e-08
2.700000000000000178e-01 5.936421572916573228e-08
2.800000000000000266e-01 7.042520757220374395e-08
2.899999999999999800e-01 8.559734778641395926e-08
2.999999999999999889e-01 1.017279764620523054e-07
3.099999999999999978e-01 1.206197056699246770e-07
3.200000000000000067e-01 1.806521397699290964e-08
3.300000000000000155e-01 1.442579379316750474e-08
3.400000000000000244e-01 2.113580763810297941e-08
3.499999999999999778e-01 2.226721415658394549e-08
3.599999999999999867e-01 2.147725727205883679e-08
3.699999999999999956e-01 2.585613435709212318e-08
3.800000000000000044e-01 3.209869001227159054e-08
3.900000000000000133e-01 3.190058643925471236e-08
4.000000000000000222e-01 4.136153191139192948e-08
4.099999999999999756e-01 3.265381523554198199e-08
4.199999999999999845e-01 2.626728035858844963e-08
4.299999999999999933e-01 1.299043217664558903e-08
4.400000000000000022e-01 2.255894937472722763e-08
4.500000000000000111e-01 3.800689000674603721e-08
4.600000000000000200e-01 5.810998089914655913e-09
4.699999999999999734e-01 1.788272748347538598e-08
4.799999999999999822e-01 3.358174948651217203e-08
4.899999999999999911e-01 7.856256639903417817e-09
5.000000000000000000e-01 2.182370292787561006e-04
5.100000000000000089e-01 2.000003430316804609e-02
5.200000000000000178e-01 4.000003055262274509e-02
5.300000000000000266e-01 6.000001119651160453e-02
5.400000000000000355e-01 8.000002544708195718e-02
5.500000000000000444e-01 1.000000062267247247e-01
5.600000000000000533e-01 1.200000248638650180e-01
5.699999999999999512e-01 1.400000260690166809e-01
5.799999999999999600e-01 1.600000151846845964e-01
5.899999999999999689e-01 1.800000086077954697e-01
5.999999999999999778e-01 2.000000095340044859e-01
6.099999999999999867e-01 2.200000054465717780e-01
6.199999999999999956e-01 2.400000371818141187e-01
6.300000000000000044e-01 2.600000283979682081e-01
6.400000000000000133e-01 2.800000198387138650e-01
6.500000000000000222e-01 3.000000162363348766e-01
6.600000000000000311e-01 3.200000115152875080e-01
6.700000000000000400e-01 3.400000084014843660e-01
6.800000000000000488e-01 3.600000058102260092e-01
6.899999999999999467e-01 3.800000049162893800e-01
6.999999999999999556e-01 4.000000028912735761e-01
7.099999999999999645e-01 4.200000179854923021e-01
7.199999999999999734e-01 4.400000138831706153e-01
7.299999999999999822e-01 4.600000107646656233e-01
7.399999999999999911e-01 4.800000078136965054e-01
7.500000000000000000e-01 5.000000062855127769e-01
7.600000000000000089e-01 5.200000045232769930e-01
7.700000000000000178e-01 5.400000035704589640e-01
7.800000000000000266e-01 5.600000029309386562e-01
7.900000000000000355e-01 5.800000027975382721e-01
8.000000000000000444e-01 6.000000029145060587e-01
8.100000000000000533e-01 6.200000019061284728e-01
8.199999999999999512e-01 6.400000004883725779e-01
8.299999999999999600e-01 6.600000072391660755e-01
8.399999999999999689e-01 6.799999998480299457e-01
8.499999999999999778e-01 6.999999990418497298e-01
8.599999999999999867e-01 7.199999987952645508e-01
8.699999999999999956e-01 7.399999984567557920e-01
8.800000000000000044e-01 7.599999984137471021e-01
8.900000000000000133e-01 7.799999982255410025e-01
9.000000000000000222e-01 7.999999980855574400e-01
9.100000000000000311e-01 8.199999975780902783e-01
9.200000000000000400e-01 8.399999976535956758e-01
9.300000000000000488e-01 8.599999970477897326e-01
9.399999999999999467e-01 8.799999979864400190e-01
9.499999999999999556e-01 8.999999979158667118e-01
9.599999999999999645e-01 9.199999980804576261e-01
9.699999999999999734e-01 9.399999981641065094e-01
9.799999999999999822e-01 9.599999975633241034e-01
9.899999999999999911e-01 9.799999982468626802e-01
1.000000000000000000e+00 9.999999515693149821e-01
