0.000000000000000000e+00 0.000000000000000000e+00
1.000000000000000021e-02 8.579720990589678742e-03
2.000000000000000042e-02 1.717855070603441225e-02
2.999999999999999889e-02 2.579767420657663735e-02
4.000000000000000083e-02 3.443820827045002142e-02
5.000000000000000278e-02 4.310108864954292907e-02
5.999999999999999778e-02 5.178715566328162545e-02
7.000000000000000666e-02 6.049711678239094725e-02
8.000000000000000167e-02 6.923153047929314630e-02
8.999999999999999667e-02 7.799087422933348446e-02
1.000000000000000056e-01 8.677567206273134603e-02
1.100000000000000006e-01 9.558646071377369102e-02
1.199999999999999956e-01 1.044233991104843717e-01
1.300000000000000044e-01 1.132869336024056595e-01
1.400000000000000133e-01 1.221773939914186369e-01
1.499999999999999944e-01 1.310951465651314374e-01
1.600000000000000033e-01 1.400406566591593793e-01
1.700000000000000122e-01 1.490143524885367832e-01
1.799999999999999933e-01 1.580167240271576623e-01
1.900000000000000022e-01 1.670483567698506366e-01
2.000000000000000111e-01 1.761098351255344641e-01
2.099999999999999922e-01 1.852016041239517574e-01
2.200000000000000011e-01 1.943241108801306294e-01
2.300000000000000100e-01 2.034777419628033823e-01
2.399999999999999911e-01 2.126628511648319120e-01
2.500000000000000000e-01 2.218797665880875014e-01
2.600000000000000089e-01 2.311286474918266554e-01
2.700000000000000178e-01 2.404096891157563864e-01
2.800000000000000266e-01 2.497231154086860250e-01
2.899999999999999800e-01 2.590689344647940096e-01
2.999999999999999889e-01 2.684472615773371706e-01
3.099999999999999978e-01 2.778581682286317411e-01
3.200000000000000067e-01 2.873017143219944169e-01
3.300000000000000155e-01 2.967779645347324857e-01
3.400000000000000244e-01 3.062865017519524335e-01
3.499999999999999778e-01 3.158276555214349912e-01
3.599999999999999867e-01 3.254010960646698258e-01
3.699999999999999956e-01 3.350066033517857811e-01
3.800000000000000044e-01 3.446442226798952513e-01
3.900000000000000133e-01 3.543140869691435157e-01
4.000000000000000222e-01 3.640161003090198188e-01
4.099999999999999756e-01 3.737507405229726354e-01
4.199999999999999845e-01 3.835202688338448795e-01
4.299999999999999933e-01 3.933273499663711981e-01
4.400000000000000022e-01 4.031735699796974437e-01
4.500000000000000111e-01 4.130598100046426469e-01
4.600000000000000200e-01 4.229912363113160767e-01
4.699999999999999734e-01 4.329740999880473118e-01
4.799999999999999822e-01 4.429740236370843243e-01
4.899999999999999911e-01 4.529740817026965960e-01
5.000000000000000000e-01 4.629740250282289860e-01
5.100000000000000089e-01 4.729740500412162874e-01
5.200000000000000178e-01 4.829740263704385139e-01
5.300000000000000266e-01 4.929740849195224373e-01
5.400000000000000355e-01 5.029909404713696075e-01
5.500000000000000444e-01 5.130598799871631810e-01
5.600000000000000533e-01 5.231735439652921427e-01
5.699999999999999512e-01 5.333270387890440833e-01
5.799999999999999600e-01 5.435205082765403040e-01
5.899999999999999689e-01 5.537509284193831149e-01
5.999999999999999778e-01 5.640162983391148188e-01
6.099999999999999867e-01 5.743142718738737384e-01
6.199999999999999956e-01 5.846443934619914851e-01
6.300000000000000044e-01 5.950066529147131078e-01
6.400000000000000133e-01 6.054012082058444211e-01
6.500000000000000222e-01 6.158279185588912963e-01
6.600000000000000311e-01 6.262867436819183897e-01
6.700000000000000400e-01 6.367779506369989351e-01
6.800000000000000488e-01 6.473017176256264937e-01
6.899999999999999467e-01 6.578581776130696390e-01
6.999999999999999556e-01 6.684472651747233041e-01
7.099999999999999645e-01 6.790689156096638701e-01
7.199999999999999734e-01 6.897230857896365919e-01
7.299999999999999822e-01 7.004097064822409902e-01
7.399999999999999911e-01 7.111286340779408022e-01
7.500000000000000000e-01 7.218797766834074148e-01
7.600000000000000089e-01 7.326629100710715381e-01
7.700000000000000178e-01 7.434777869513770066e-01
7.800000000000000266e-01 7.543241288368333075e-01
7.900000000000000355e-01 7.652016029654853391e-01
8.000000000000000444e-01 7.761098204910367171e-01
8.100000000000000533e-01 7.870483364349687427e-01
8.199999999999999512e-01 7.980166575730572864e-01
8.299999999999999600e-01 8.090142564394365854e-01
8.399999999999999689e-01 8.200405922485483057e-01
8.499999999999999778e-01 8.310952183277326988e-01
8.599999999999999867e-01 8.421774298213344778e-01
8.699999999999999956e-01 8.532869872483999085e-01
8.800000000000000044e-01 8.644233973563706375e-01
8.900000000000000133e-01 8.755865222941501269e-01
9.000000000000000222e-01 8.867758668046062942e-01
9.100000000000000311e-01 8.979910677879210379e-01
9.200000000000000400e-01 9.092316577063779270e-01
9.300000000000000488e-01 9.204972390921603020e-01
9.399999999999999467e-01 9.317872083650236004e-01
9.499999999999999556e-01 9.431011767294850134e-01
9.599999999999999645e-01 9.544383312651383289e-01
9.699999999999999734e-01 9.657978583254425153e-01
9.799999999999999822e-01 9.771786703167560928e-01
9.899999999999999911e-01 9.885798336330747782e-01
1.000000000000000000e+00 1.000000019569619258e+00
