0.000000000000000000e+00 0.000000000000000000e+00
2.000000000000000042e-02 1.813559748367576940e-02
4.000000000000000083e-02 3.633215368832681813e-02
5.999999999999999778e-02 5.459385013058110081e-02
8.000000000000000167e-02 7.292306363105777178e-02
1.000000000000000056e-01 9.132162286416461994e-02
1.199999999999999956e-01 1.097914769053087714e-01
1.400000000000000133e-01 1.283342650140842367e-01
1.600000000000000033e-01 1.469516239840553129e-01
1.799999999999999933e-01 1.656453175925047816e-01
2.000000000000000111e-01 1.844172917973754267e-01
2.200000000000000011e-01 2.032690302628822332e-01
2.399999999999999911e-01 2.222019180569241859e-01
2.600000000000000089e-01 2.412169182661879629e-01
2.800000000000000266e-01 2.603147426302316325e-01
2.999999999999999889e-01 2.794955456059026178e-01
3.200000000000000067e-01 2.987593349589925396e-01
3.400000000000000244e-01 3.181058383321390126e-01
3.599999999999999867e-01 3.375347002218551662e-01
3.800000000000000044e-01 3.570457520159644460e-01
4.000000000000000222e-01 3.766378966887856672e-01
4.199999999999999845e-01 3.963106279130431120e-01
4.400000000000000022e-01 4.160661369179262659e-01
4.600000000000000200e-01 4.359163208448000315e-01
4.799999999999999822e-01 4.558799881416426558e-01
5.000000000000000000e-01 4.758799285424945014e-01
5.200000000000000178e-01 4.958799905681165465e-01
5.400000000000000355e-01 5.159163681962114500e-01
5.600000000000000533e-01 5.360662577422711239e-01
5.799999999999999600e-01 5.563108666435251370e-01
5.999999999999999778e-01 5.766380810223358244e-01
6.199999999999999956e-01 5.970459897091294765e-01
6.400000000000000133e-01 6.175348302101443254e-01
6.600000000000000311e-01 6.381057296734976569e-01
6.800000000000000488e-01 6.587591791257807472e-01
6.999999999999999556e-01 6.794954340111651891e-01
7.199999999999999734e-01 7.003146701430306154e-01
7.399999999999999911e-01 7.212169201737588242e-01
7.600000000000000089e-01 7.422019136586383015e-01
7.800000000000000266e-01 7.632690325154773969e-01
8.000000000000000444e-01 7.844173072044586803e-01
8.199999999999999512e-01 8.056453744223159852e-01
8.399999999999999689e-01 8.269517300482152056e-01
8.599999999999999867e-01 8.483342882228632753e-01
8.800000000000000044e-01 8.697915666026587722e-01
9.000000000000000222e-01 8.913216720454816278e-01
9.200000000000000400e-01 9.129231270450133273e-01
9.399999999999999467e-01 9.345938430834926924e-01
9.599999999999999645e-01 9.563322488982654024e-01
9.799999999999999822e-01 9.781356270597701963e-01
1.000000000000000000e+00 1.000000017044167411e+00
