0.000000000000000000e+00 0.000000000000000000e+00
2.000000000000000042e-02 6.929600049965817243e-03
4.000000000000000083e-02 1.397533538132064712e-02
5.999999999999999778e-02 2.115421188498001204e-02
8.000000000000000167e-02 2.848386658621335221e-02
1.000000000000000056e-01 3.598441981543515356e-02
1.199999999999999956e-01 4.367835710533057858e-02
1.400000000000000133e-01 5.159159691145609461e-02
1.600000000000000033e-01 5.975364148028095013e-02
1.799999999999999933e-01 6.819816382394411347e-02
2.000000000000000111e-01 7.696442482114063122e-02
2.200000000000000011e-01 8.609736747039470339e-02
2.399999999999999911e-01 9.564885476471204906e-02
2.600000000000000089e-01 1.056766134769479559e-01
2.800000000000000266e-01 1.162410435703647715e-01
2.999999999999999889e-01 1.274020509940047841e-01
3.200000000000000067e-01 1.392213188604626561e-01
3.400000000000000244e-01 1.517652539128271361e-01
3.599999999999999867e-01 1.650982837532398717e-01
3.800000000000000044e-01 1.792992442403192888e-01
4.000000000000000222e-01 1.944549091014501907e-01
4.199999999999999845e-01 2.106523929233956594e-01
4.400000000000000022e-01 2.279690852614767171e-01
4.600000000000000200e-01 2.464600427226851798e-01
4.799999999999999822e-01 2.660951746978771904e-01
5.000000000000000000e-01 2.860952909674171485e-01
5.200000000000000178e-01 3.060951714817930491e-01
5.400000000000000355e-01 3.264598889728041464e-01
5.600000000000000533e-01 3.479694160316821883e-01
5.799999999999999600e-01 3.706523773569230240e-01
5.999999999999999778e-01 3.944548656414064158e-01
6.199999999999999956e-01 4.192992188877791015e-01
6.400000000000000133e-01 4.450982839731323359e-01
6.600000000000000311e-01 4.717654620632707463e-01
6.800000000000000488e-01 4.992213359621509028e-01
6.999999999999999556e-01 5.274022120523339519e-01
7.199999999999999734e-01 5.562409739492739646e-01
7.399999999999999911e-01 5.856765650648356747e-01
7.600000000000000089e-01 6.156488173328975577e-01
7.800000000000000266e-01 6.460976420436259637e-01
8.000000000000000444e-01 6.769645305789264711e-01
8.199999999999999512e-01 7.081981798544352280e-01
8.399999999999999689e-01 7.397536822260282197e-01
8.599999999999999867e-01 7.715916353677328976e-01
8.800000000000000044e-01 8.036783795866992985e-01
9.000000000000000222e-01 8.359845648346030389e-01
9.200000000000000400e-01 8.684838172625302111e-01
9.399999999999999467e-01 9.011542292527174869e-01
9.599999999999999645e-01 9.339754443707652953e-01
9.799999999999999822e-01 9.669296176034529733e-01
1.000000000000000000e+00 1.000000003060453002e+00
