0.000000000000000000e+00 0.000000000000000000e+00
1.000000000000000021e-02 7.015448384269040716e-03
2.000000000000000042e-02 1.405840414260217663e-02
2.999999999999999889e-02 2.113119370977822875e-02
4.000000000000000083e-02 2.823610527983438923e-02
5.000000000000000278e-02 3.537526592538792203e-02
5.999999999999999778e-02 4.255102429127460839e-02
7.000000000000000666e-02 4.976529056020800867e-02
8.000000000000000167e-02 5.701944282061477409e-02
8.999999999999999667e-02 6.431453952006094266e-02
1.000000000000000056e-01 7.165163813998792763e-02
1.100000000000000006e-01 7.903182297553068558e-02
1.199999999999999956e-01 8.645646286031716254e-02
1.300000000000000044e-01 9.392700100157963528e-02
1.400000000000000133e-01 1.014449883577959177e-01
1.499999999999999944e-01 1.090120694563742054e-01
1.600000000000000033e-01 1.166299793857851763e-01
1.700000000000000122e-01 1.243004862003722621e-01
1.799999999999999933e-01 1.320254284166915149e-01
1.900000000000000022e-01 1.398067632819381401e-01
2.000000000000000111e-01 1.476465788286199787e-01
2.099999999999999922e-01 1.555470250860631065e-01
2.200000000000000011e-01 1.635101961861846753e-01
2.300000000000000100e-01 1.715381284522379812e-01
2.399999999999999911e-01 1.796327406099181845e-01
2.500000000000000000e-01 1.877957593196893926e-01
2.600000000000000089e-01 1.960287411902322807e-01
2.700000000000000178e-01 2.043331417930451810e-01
2.800000000000000266e-01 2.127102465149456334e-01
2.899999999999999800e-01 2.211612419802981566e-01
2.999999999999999889e-01 2.296870600678306562e-01
3.099999999999999978e-01 2.382884899318686578e-01
3.200000000000000067e-01 2.469660551269510784e-01
3.300000000000000155e-01 2.557203778635768199e-01
3.400000000000000244e-01 2.645524776996703853e-01
3.499999999999999778e-01 2.734629774280535885e-01
3.599999999999999867e-01 2.824529383820606476e-01
3.699999999999999956e-01 2.915219338779347913e-01
3.800000000000000044e-01 3.006726228653580080e-01
3.900000000000000133e-01 3.099091193211346296e-01
4.000000000000000222e-01 3.192367305984443182e-01
4.099999999999999756e-01 3.286599767164197772e-01
4.199999999999999845e-01 3.381798920567996025e-01
4.299999999999999933e-01 3.477990581510900236e-01
4.400000000000000022e-01 3.575218235342065842e-01
4.500000000000000111e-01 3.673497198044108902e-01
4.600000000000000200e-01 3.772817182692562721e-01
4.699999999999999734e-01 3.872803451799819996e-01
4.799999999999999822e-01 3.972804310459904231e-01
4.899999999999999911e-01 4.072804300497778751e-01
5.000000000000000000e-01 4.172803549327168127e-01
5.100000000000000089e-01 4.272803814910493547e-01
5.200000000000000178e-01 4.372803981345497748e-01
5.300000000000000266e-01 4.472803470215442889e-01
5.400000000000000355e-01 4.572821121994080085e-01
5.500000000000000444e-01 4.673497191162712672e-01
5.600000000000000533e-01 4.775217751085167328e-01
5.699999999999999512e-01 4.877989839779548475e-01
5.799999999999999600e-01 4.981798481262856848e-01
5.899999999999999689e-01 5.086599568208299837e-01
5.999999999999999778e-01 5.192367266863344710e-01
6.099999999999999867e-01 5.299091716169296307e-01
6.199999999999999956e-01 5.406727078213795501e-01
6.300000000000000044e-01 5.515220611000978268e-01
6.400000000000000133e-01 5.624531018280805039e-01
6.500000000000000222e-01 5.734630666261905096e-01
6.600000000000000311e-01 5.845522543649329661e-01
6.700000000000000400e-01 5.957202537928891761e-01
6.800000000000000488e-01 6.069660292851041250e-01
6.899999999999999467e-01 6.182884506009670433e-01
6.999999999999999556e-01 6.296870479468638093e-01
7.099999999999999645e-01 6.411612210429474823e-01
7.199999999999999734e-01 6.527102159426065864e-01
7.299999999999999822e-01 6.643330869542176664e-01
7.399999999999999911e-01 6.760286937923645212e-01
7.500000000000000000e-01 6.877957158161709383e-01
7.600000000000000089e-01 6.996327134691254779e-01
7.700000000000000178e-01 7.115381121767991868e-01
7.800000000000000266e-01 7.235101800013522544e-01
7.900000000000000355e-01 7.355470116703020089e-01
8.000000000000000444e-01 7.476465740850790631e-01
8.100000000000000533e-01 7.598067614426129435e-01
8.199999999999999512e-01 7.720256392158897363e-01
8.299999999999999600e-01 7.843006060054767969e-01
8.399999999999999689e-01 7.966300337497213002e-01
8.499999999999999778e-01 8.090121172320839937e-01
8.599999999999999867e-01 8.214450315279893111e-01
8.699999999999999956e-01 8.339270209170789316e-01
8.800000000000000044e-01 8.464566669971622659e-01
8.900000000000000133e-01 8.590318522405344659e-01
9.000000000000000222e-01 8.716516448442603870e-01
9.100000000000000311e-01 8.843146711826730400e-01
9.200000000000000400e-01 8.970194019085819814e-01
9.300000000000000488e-01 9.097653157983931482e-01
9.399999999999999467e-01 9.225511169046383131e-01
9.499999999999999556e-01 9.353753889512090858e-01
9.599999999999999645e-01 9.482361903872067455e-01
9.699999999999999734e-01 9.611313885857053485e-01
9.799999999999999822e-01 9.740585064637827806e-01
9.899999999999999911e-01 9.870156023818289492e-01
1.000000000000000000e+00 1.000000024843218593e+00
