0.000000000000000000e+00 0.000000000000000000e+00
2.000000000000000042e-02 1.999999383232420325e-02
4.000000000000000083e-02 3.999999734542014629e-02
5.999999999999999778e-02 5.999999826486746013e-02
8.000000000000000167e-02 7.999998115554629585e-02
1.000000000000000056e-01 9.999999200721804149e-02
1.199999999999999956e-01 1.199999935735290846e-01
1.400000000000000133e-01 1.399999929089095763e-01
1.600000000000000033e-01 1.599999931527274488e-01
1.799999999999999933e-01 1.799999947407667222e-01
2.000000000000000111e-01 1.999999967504958454e-01
2.200000000000000011e-01 2.199999976796710444e-01
2.399999999999999911e-01 2.399999847019019805e-01
2.600000000000000089e-01 2.599999906525897742e-01
2.800000000000000266e-01 2.799999875927183246e-01
2.999999999999999889e-01 2.999999896244565645e-01
3.200000000000000067e-01 3.199999903551756231e-01
3.400000000000000244e-01 3.399999906871417066e-01
3.599999999999999867e-01 3.599999913513814986e-01
3.800000000000000044e-01 3.799999920491271554e-01
4.000000000000000222e-01 3.999999925239675624e-01
4.199999999999999845e-01 4.199999924503260429e-01
4.400000000000000022e-01 4.399999921373624612e-01
4.600000000000000200e-01 4.599999913303479127e-01
4.799999999999999822e-01 4.799999907447949909e-01
5.000000000000000000e-01 4.999999896022746526e-01
5.200000000000000178e-01 5.199999887915214281e-01
5.400000000000000355e-01 5.399999876291944334e-01
5.600000000000000533e-01 5.599999859820392611e-01
5.799999999999999600e-01 5.799999843732256410e-01
5.999999999999999778e-01 5.999999823832379287e-01
6.199999999999999956e-01 6.199999799241711074e-01
6.400000000000000133e-01 6.399999772405983167e-01
6.600000000000000311e-01 6.599999776737632828e-01
6.800000000000000488e-01 6.799999772594217395e-01
6.999999999999999556e-01 6.999999757845256632e-01
7.199999999999999734e-01 7.199999748041576719e-01
7.399999999999999911e-01 7.399999749744767819e-01
7.600000000000000089e-01 7.599999717199128479e-01
7.800000000000000266e-01 7.799999682729612527e-01
8.000000000000000444e-01 7.999999660678575042e-01
8.199999999999999512e-01 8.199999600539216171e-01
8.399999999999999689e-01 8.399999976039876914e-01
8.599999999999999867e-01 8.599999971861822523e-01
8.800000000000000044e-01 8.799999957426830610e-01
9.000000000000000222e-01 8.999999937573448516e-01
9.200000000000000400e-01 9.199999922415078579e-01
9.399999999999999467e-01 9.399999887272183496e-01
9.599999999999999645e-01 9.599999894925841382e-01
9.799999999999999822e-01 9.799999702821660108e-01
1.000000000000000000e+00 1.000000009567204806e+00
