0.000000000000000000e+00 0.000000000000000000e+00
1.000000000000000021e-02 7.555017657182028223e-03
2.000000000000000042e-02 1.513541262776391116e-02
2.999999999999999889e-02 2.274315622865297204e-02
4.000000000000000083e-02 3.038022219596664408e-02
5.000000000000000278e-02 3.804842676377678812e-02
5.999999999999999778e-02 4.574978974368454354e-02
7.000000000000000666e-02 5.348582779344573934e-02
8.000000000000000167e-02 6.125788724791875195e-02
8.999999999999999667e-02 6.906699705264290889e-02
1.000000000000000056e-01 7.691409152441741615e-02
1.100000000000000006e-01 8.479989243702590329e-02
1.199999999999999956e-01 9.272524161943268561e-02
1.300000000000000044e-01 1.006911503220885851e-01
1.400000000000000133e-01 1.086987048132833644e-01
1.499999999999999944e-01 1.167490810410086177e-01
1.600000000000000033e-01 1.248435287292186113e-01
1.700000000000000122e-01 1.329832973987996048e-01
1.799999999999999933e-01 1.411696486044077825e-01
1.900000000000000022e-01 1.494039764715953122e-01
2.000000000000000111e-01 1.576878003616006274e-01
2.099999999999999922e-01 1.660225756900088889e-01
2.200000000000000011e-01 1.744097563742925683e-01
2.300000000000000100e-01 1.828506690428852721e-01
2.399999999999999911e-01 1.913465318812649363e-01
2.500000000000000000e-01 1.998983878421227711e-01
2.600000000000000089e-01 2.085072442273088744e-01
2.700000000000000178e-01 2.171739699775898647e-01
2.800000000000000266e-01 2.258994262404832032e-01
2.899999999999999800e-01 2.346842654858623534e-01
2.999999999999999889e-01 2.435289654163962925e-01
3.099999999999999978e-01 2.524338927765860108e-01
3.200000000000000067e-01 2.613992510728945784e-01
3.300000000000000155e-01 2.704250262568173024e-01
3.400000000000000244e-01 2.795115728537553856e-01
3.499999999999999778e-01 2.886589637581705170e-01
3.599999999999999867e-01 2.978683632908756818e-01
3.699999999999999956e-01 3.071395725530456922e-01
3.800000000000000044e-01 3.164724943811729752e-01
3.900000000000000133e-01 3.258698450718947037e-01
4.000000000000000222e-01 3.353353011470270872e-01
4.099999999999999756e-01 3.448731943396494692e-01
4.199999999999999845e-01 3.544865191410959682e-01
4.299999999999999933e-01 3.641752492856643042e-01
4.400000000000000022e-01 3.739435975128981293e-01
4.500000000000000111e-01 3.837958525475809735e-01
4.600000000000000200e-01 3.937336368851874768e-01
4.699999999999999734e-01 4.037309649072646223e-01
4.799999999999999822e-01 4.137309511508711068e-01
4.899999999999999911e-01 4.237309497589426543e-01
5.000000000000000000e-01 4.337309617831963116e-01
5.100000000000000089e-01 4.437309943392746536e-01
5.200000000000000178e-01 4.537309509992735190e-01
5.300000000000000266e-01 4.637309909694269372e-01
5.400000000000000355e-01 4.737337043115787960e-01
5.500000000000000444e-01 4.837958656339330643e-01
5.600000000000000533e-01 4.939435139453439150e-01
5.699999999999999512e-01 5.041753779387913026e-01
5.799999999999999600e-01 5.144865021910103309e-01
5.899999999999999689e-01 5.248731799783460383e-01
5.999999999999999778e-01 5.353353483354726938e-01
6.099999999999999867e-01 5.458699108768809705e-01
6.199999999999999956e-01 5.564725878266089110e-01
6.300000000000000044e-01 5.671396781103916762e-01
6.400000000000000133e-01 5.778685007856970701e-01
6.500000000000000222e-01 5.886591217515975138e-01
6.600000000000000311e-01 5.995114549657702963e-01
6.700000000000000400e-01 6.104250722943596053e-01
6.800000000000000488e-01 6.213992796251046613e-01
6.899999999999999467e-01 6.324339432208370138e-01
6.999999999999999556e-01 6.435290377940128259e-01
7.099999999999999645e-01 6.546843413007610302e-01
7.199999999999999734e-01 6.658994894444257850e-01
7.299999999999999822e-01 6.771740079534868118e-01
7.399999999999999911e-01 6.885072345233796964e-01
7.500000000000000000e-01 6.998983647698429067e-01
7.600000000000000089e-01 7.113464786922841787e-01
7.700000000000000178e-01 7.228506125209750444e-01
7.800000000000000266e-01 7.344097129065138008e-01
7.900000000000000355e-01 7.460225336111584449e-01
8.000000000000000444e-01 7.576877481267658698e-01
8.100000000000000533e-01 7.694039419486369269e-01
8.199999999999999512e-01 7.811698281800605326e-01
8.299999999999999600e-01 7.929833986655645539e-01
8.399999999999999689e-01 8.048436001558594288e-01
8.499999999999999778e-01 8.167491461902527394e-01
8.599999999999999867e-01 8.286987512471168937e-01
8.699999999999999956e-01 8.406911765095168576e-01
8.800000000000000044e-01 8.527252592790146579e-01
8.900000000000000133e-01 8.647999282043685731e-01
9.000000000000000222e-01 8.769141571878114050e-01
9.100000000000000311e-01 8.890669799132825402e-01
9.200000000000000400e-01 9.012578845818705053e-01
9.300000000000000488e-01 9.134858627040315371e-01
9.399999999999999467e-01 9.257498417913290201e-01
9.499999999999999556e-01 9.380485226861126069e-01
9.599999999999999645e-01 9.503802892010895231e-01
9.699999999999999734e-01 9.627433639074527427e-01
9.799999999999999822e-01 9.751355219297066501e-01
9.899999999999999911e-01 9.875551490406053734e-01
1.000000000000000000e+00 1.000000021939771777e+00
