0.000000000000000000e+00 0.000000000000000000e+00
2.000000000000000042e-02 9.432606623164530024e-03
4.000000000000000083e-02 1.899695376757687404e-02
5.999999999999999778e-02 2.870883262658452395e-02
8.000000000000000167e-02 3.858471334440211065e-02
1.000000000000000056e-01 4.864263835388998869e-02
1.199999999999999956e-01 5.890218478330566665e-02
1.400000000000000133e-01 6.938614404683263182e-02
1.600000000000000033e-01 8.012005692002904800e-02
1.799999999999999933e-01 9.113299288598136760e-02
2.000000000000000111e-01 1.024584798003810859e-01
2.200000000000000011e-01 1.141337844385830191e-01
2.399999999999999911e-01 1.262006511519038199e-01
2.600000000000000089e-01 1.387041200312931766e-01
2.800000000000000266e-01 1.516868573881041959e-01
2.999999999999999889e-01 1.651898058589166274e-01
3.200000000000000067e-01 1.792515119278081381e-01
3.400000000000000244e-01 1.939149744968708955e-01
3.599999999999999867e-01 2.092160017036626407e-01
3.800000000000000044e-01 2.252029320735300655e-01
4.000000000000000222e-01 2.419429236313495601e-01
4.199999999999999845e-01 2.594922380467306611e-01
4.400000000000000022e-01 2.778899459681824502e-01
4.600000000000000200e-01 2.971443097589033799e-01
4.799999999999999822e-01 3.170793861605448183e-01
5.000000000000000000e-01 3.370794978514026208e-01
5.200000000000000178e-01 3.570794031155988257e-01
5.400000000000000355e-01 3.771445096429771882e-01
5.600000000000000533e-01 3.978898361384428650e-01
5.799999999999999600e-01 4.194921634458164683e-01
5.999999999999999778e-01 4.419426541939887598e-01
6.199999999999999956e-01 4.652027961463889860e-01
6.400000000000000133e-01 4.892159932158266500e-01
6.600000000000000311e-01 5.139149460528549263e-01
6.800000000000000488e-01 5.392512292486777437e-01
6.999999999999999556e-01 5.651896163680635299e-01
7.199999999999999734e-01 5.916867617648129407e-01
7.399999999999999911e-01 6.187040719181715609e-01
7.600000000000000089e-01 6.462006479534894154e-01
7.800000000000000266e-01 6.741338045308861160e-01
8.000000000000000444e-01 7.024584619749010272e-01
8.199999999999999512e-01 7.311330989299108518e-01
8.399999999999999689e-01 7.601201287835397391e-01
8.599999999999999867e-01 7.893861827287690369e-01
8.800000000000000044e-01 8.189021953525740249e-01
9.000000000000000222e-01 8.486426705201135512e-01
9.200000000000000400e-01 8.785847367707227962e-01
9.399999999999999467e-01 9.087088892539344487e-01
9.599999999999999645e-01 9.389969980357470991e-01
9.799999999999999822e-01 9.694326827471797525e-01
1.000000000000000000e+00 1.000000003824688788e+00
