0.000000000000000000e+00 0.000000000000000000e+00
1.000000000000000021e-02 3.451406431880327252e-03
2.000000000000000042e-02 6.929600049965817243e-03
2.999999999999999889e-02 1.043686344583119596e-02
4.000000000000000083e-02 1.397533538132064712e-02
5.000000000000000278e-02 1.754708557989420603e-02
5.999999999999999778e-02 2.115421188498001204e-02
7.000000000000000666e-02 2.479898634396360269e-02
8.000000000000000167e-02 2.848386658621335221e-02
8.999999999999999667e-02 3.221146330747937103e-02
1.000000000000000056e-01 3.598441981543515356e-02
1.100000000000000006e-01 3.980569092237162820e-02
1.199999999999999956e-01 4.367835710533057858e-02
1.300000000000000044e-01 4.760579406485312970e-02
1.400000000000000133e-01 5.159159691145609461e-02
1.499999999999999944e-01 5.563953310237093608e-02
1.600000000000000033e-01 5.975364148028095013e-02
1.700000000000000122e-01 6.393827934568885318e-02
1.799999999999999933e-01 6.819816382394411347e-02
1.900000000000000022e-01 7.253839361072914049e-02
2.000000000000000111e-01 7.696442482114063122e-02
2.099999999999999922e-01 8.148204163540706535e-02
2.200000000000000011e-01 8.609736747039470339e-02
2.300000000000000100e-01 9.081727084584656495e-02
2.399999999999999911e-01 9.564885476471204906e-02
2.500000000000000000e-01 1.005994035189121949e-01
2.600000000000000089e-01 1.056766134769479559e-01
2.700000000000000178e-01 1.108879981862217479e-01
2.800000000000000266e-01 1.162410435703647715e-01
2.899999999999999800e-01 1.217432112390105792e-01
2.999999999999999889e-01 1.274020509940047841e-01
3.099999999999999978e-01 1.332253453097505813e-01
3.200000000000000067e-01 1.392213188604626561e-01
3.300000000000000155e-01 1.453989930164611144e-01
3.400000000000000244e-01 1.517652539128271361e-01
3.499999999999999778e-01 1.583288359729377315e-01
3.599999999999999867e-01 1.650982837532398717e-01
3.699999999999999956e-01 1.720844332861007908e-01
3.800000000000000044e-01 1.792992442403192888e-01
3.900000000000000133e-01 1.867528092654898997e-01
4.000000000000000222e-01 1.944549091014501907e-01
4.099999999999999756e-01 2.024177541279229275e-01
4.199999999999999845e-01 2.106523929233956594e-01
4.299999999999999933e-01 2.191668580790047394e-01
4.400000000000000022e-01 2.279690852614767171e-01
4.500000000000000111e-01 2.370664532642772770e-01
4.600000000000000200e-01 2.464600427226851798e-01
4.699999999999999734e-01 2.561452080778625628e-01
4.799999999999999822e-01 2.660951746978771904e-01
4.899999999999999911e-01 2.760951780767603725e-01
5.000000000000000000e-01 2.860952909674171485e-01
5.100000000000000089e-01 2.960951892638333804e-01
5.200000000000000178e-01 3.060951714817930491e-01
5.300000000000000266e-01 3.161451752462529630e-01
5.400000000000000355e-01 3.264598889728041464e-01
5.500000000000000444e-01 3.370663191058697050e-01
5.600000000000000533e-01 3.479694160316821883e-01
5.699999999999999512e-01 3.591667883708994369e-01
5.799999999999999600e-01 3.706523773569230240e-01
5.899999999999999689e-01 3.824177384762229015e-01
5.999999999999999778e-01 3.944548656414064158e-01
6.099999999999999867e-01 4.067527773351369835e-01
6.199999999999999956e-01 4.192992188877791015e-01
6.300000000000000044e-01 4.320844344641311396e-01
6.400000000000000133e-01 4.450982839731323359e-01
6.500000000000000222e-01 4.583287842481237329e-01
6.600000000000000311e-01 4.717654620632707463e-01
6.700000000000000400e-01 4.853988915070416299e-01
6.800000000000000488e-01 4.992213359621509028e-01
6.899999999999999467e-01 5.132254361605703696e-01
6.999999999999999556e-01 5.274022120523339519e-01
7.099999999999999645e-01 5.417434084855182741e-01
7.199999999999999734e-01 5.562409739492739646e-01
7.299999999999999822e-01 5.708879425273103436e-01
7.399999999999999911e-01 5.856765650648356747e-01
7.500000000000000000e-01 6.005993635873309033e-01
7.600000000000000089e-01 6.156488173328975577e-01
7.700000000000000178e-01 6.308172501089294171e-01
7.800000000000000266e-01 6.460976420436259637e-01
7.900000000000000355e-01 6.614822093947814174e-01
8.000000000000000444e-01 6.769645305789264711e-01
8.100000000000000533e-01 6.925384337996993711e-01
8.199999999999999512e-01 7.081981798544352280e-01
8.299999999999999600e-01 7.239382980750574959e-01
8.399999999999999689e-01 7.397536822260282197e-01
8.499999999999999778e-01 7.556395756065374947e-01
8.599999999999999867e-01 7.715916353677328976e-01
8.699999999999999956e-01 7.876058337313787128e-01
8.800000000000000044e-01 8.036783795866992985e-01
8.900000000000000133e-01 8.198057722465659225e-01
9.000000000000000222e-01 8.359845648346030389e-01
9.100000000000000311e-01 8.522113999136707863e-01
9.200000000000000400e-01 8.684838172625302111e-01
9.300000000000000488e-01 8.847989611812192567e-01
9.399999999999999467e-01 9.011542292527174869e-01
9.499999999999999556e-01 9.175471406594704060e-01
9.599999999999999645e-01 9.339754443707652953e-01
9.699999999999999734e-01 9.504369416063054299e-01
9.799999999999999822e-01 9.669296176034529733e-01
9.899999999999999911e-01 9.834514815419040934e-01
1.000000000000000000e+00 1.000000003060453002e+00
