0.000000000000000000e+00 0.000000000000000000e+00
1.000000000000000021e-02 8.077003181304165391e-03
2.000000000000000042e-02 1.617664145733860304e-02
2.999999999999999889e-02 2.430053947872434783e-02
4.000000000000000083e-02 3.245024215818070878e-02
5.000000000000000278e-02 4.062716931410820242e-02
5.999999999999999778e-02 4.883279365418191631e-02
7.000000000000000666e-02 5.706828610591391238e-02
8.000000000000000167e-02 6.533452461386013432e-02
8.999999999999999667e-02 7.363243177560568897e-02
1.000000000000000056e-01 8.196272344778543495e-02
1.100000000000000006e-01 9.032599770361515734e-02
1.199999999999999956e-01 9.872275937026808723e-02
1.300000000000000044e-01 1.071535910149529203e-01
1.400000000000000133e-01 1.156191778545813120e-01
1.499999999999999944e-01 1.241202476366738416e-01
1.600000000000000033e-01 1.326575960921066444e-01
1.700000000000000122e-01 1.412320537281460120e-01
1.799999999999999933e-01 1.498444110947655394e-01
1.900000000000000022e-01 1.584956248757415365e-01
2.000000000000000111e-01 1.671866087619664487e-01
2.099999999999999922e-01 1.759184100656206451e-01
2.200000000000000011e-01 1.846918020383564452e-01
2.300000000000000100e-01 1.935075985465251058e-01
2.399999999999999911e-01 2.023664452280181658e-01
2.500000000000000000e-01 2.112688952213016003e-01
2.600000000000000089e-01 2.202155860353375849e-01
2.700000000000000178e-01 2.292069471925201052e-01
2.800000000000000266e-01 2.382433809627851340e-01
2.899999999999999800e-01 2.473251897105995245e-01
2.999999999999999889e-01 2.564526936614365260e-01
3.099999999999999978e-01 2.656260313177826182e-01
3.200000000000000067e-01 2.748453355561483180e-01
3.300000000000000155e-01 2.841104907047574679e-01
3.400000000000000244e-01 2.934212644720313179e-01
3.499999999999999778e-01 3.027778692829005691e-01
3.599999999999999867e-01 3.121802036792431512e-01
3.699999999999999956e-01 3.216285958703955505e-01
3.800000000000000044e-01 3.311231523924035858e-01
3.900000000000000133e-01 3.406637018208634737e-01
4.000000000000000222e-01 3.502521637211629679e-01
4.099999999999999756e-01 3.598917940820015593e-01
4.199999999999999845e-01 3.695856031293930366e-01
4.299999999999999933e-01 3.793356348341250794e-01
4.400000000000000022e-01 3.891430568522743494e-01
4.500000000000000111e-01 3.990112823269498787e-01
4.600000000000000200e-01 4.089474856567492655e-01
4.699999999999999734e-01 4.189406388709595586e-01
4.799999999999999822e-01 4.289405751985532200e-01
4.899999999999999911e-01 4.389406472731200992e-01
5.000000000000000000e-01 4.489405808705859702e-01
5.100000000000000089e-01 4.589406173199188643e-01
5.200000000000000178e-01 4.689405800968483584e-01
5.300000000000000266e-01 4.789406937834603251e-01
5.400000000000000355e-01 4.889472137757267522e-01
5.500000000000000444e-01 4.990113737082318979e-01
5.600000000000000533e-01 5.091429616305647166e-01
5.699999999999999512e-01 5.193356202108473374e-01
5.799999999999999600e-01 5.295855420010551207e-01
5.899999999999999689e-01 5.398917175304025484e-01
5.999999999999999778e-01 5.502522276039446547e-01
6.099999999999999867e-01 5.606638477824539279e-01
6.199999999999999956e-01 5.711233545348917140e-01
6.300000000000000044e-01 5.816287597440586987e-01
6.400000000000000133e-01 5.921803800670739637e-01
6.500000000000000222e-01 6.027780042816718309e-01
6.600000000000000311e-01 6.134215302614957066e-01
6.700000000000000400e-01 6.241106383144021663e-01
6.800000000000000488e-01 6.348453685335779806e-01
6.899999999999999467e-01 6.456260169334189225e-01
6.999999999999999556e-01 6.564526789627485037e-01
7.099999999999999645e-01 6.673252073682248708e-01
7.199999999999999734e-01 6.782433981073214824e-01
7.299999999999999822e-01 6.892069803244461612e-01
7.399999999999999911e-01 7.002156366480122296e-01
7.500000000000000000e-01 7.112689466412553951e-01
7.600000000000000089e-01 7.223664398358193850e-01
7.700000000000000178e-01 7.335075928810748103e-01
7.800000000000000266e-01 7.446918153646688854e-01
7.900000000000000355e-01 7.559184242364898054e-01
8.000000000000000444e-01 7.671866476199153961e-01
8.100000000000000533e-01 7.784956010265846604e-01
8.199999999999999512e-01 7.898443799772987273e-01
8.299999999999999600e-01 8.012321948231233559e-01
8.399999999999999689e-01 8.126576558154223751e-01
8.499999999999999778e-01 8.241202681364215854e-01
8.599999999999999867e-01 8.356191910722059468e-01
8.699999999999999956e-01 8.471536354121309564e-01
8.800000000000000044e-01 8.587228194314919794e-01
8.900000000000000133e-01 8.703260778714344559e-01
9.000000000000000222e-01 8.819626923738507207e-01
9.100000000000000311e-01 8.936324059310087886e-01
9.200000000000000400e-01 9.053346456558385436e-01
9.300000000000000488e-01 9.170682376298602279e-01
9.399999999999999467e-01 9.288328252252443518e-01
9.499999999999999556e-01 9.406272701228550748e-01
9.599999999999999645e-01 9.524502322688098710e-01
9.699999999999999734e-01 9.643005685197613142e-01
9.799999999999999822e-01 9.761767922495308003e-01
9.899999999999999911e-01 9.880772350143687266e-01
1.000000000000000000e+00 1.000000020949495472e+00
