0.000000000000000000e+00 0.000000000000000000e+00
2.000000000000000042e-02 1.294817171400336475e-02
4.000000000000000083e-02 2.602332242787541716e-02
5.999999999999999778e-02 3.924523605525959136e-02
8.000000000000000167e-02 5.263031237984183708e-02
1.000000000000000056e-01 6.618877820280866242e-02
1.199999999999999956e-01 7.993299178193402632e-02
1.400000000000000133e-01 9.387770441100029561e-02
1.600000000000000033e-01 1.080394024594137914e-01
1.799999999999999933e-01 1.224363622977567290e-01
2.000000000000000111e-01 1.370885723318957528e-01
2.200000000000000011e-01 1.520182329399709653e-01
2.399999999999999911e-01 1.672478823584145347e-01
2.600000000000000089e-01 1.827985223933812908e-01
2.800000000000000266e-01 1.986882895962496232e-01
2.999999999999999889e-01 2.149325643207343206e-01
3.200000000000000067e-01 2.315435484556259138e-01
3.400000000000000244e-01 2.485330454732778138e-01
3.599999999999999867e-01 2.659117330970197091e-01
3.800000000000000044e-01 2.836921453862715770e-01
4.000000000000000222e-01 3.019118529596432898e-01
4.199999999999999845e-01 3.206077449421081971e-01
4.400000000000000022e-01 3.398040483341632223e-01
4.600000000000000200e-01 3.595088960456171989e-01
4.799999999999999822e-01 3.795064520303053079e-01
5.000000000000000000e-01 3.995064166685320384e-01
5.200000000000000178e-01 4.195065079666048247e-01
5.400000000000000355e-01 4.395089717529839790e-01
5.600000000000000533e-01 4.598039667724619917e-01
5.799999999999999600e-01 4.806076807681944896e-01
5.999999999999999778e-01 5.019118205394080823e-01
6.199999999999999956e-01 5.236922178806872052e-01
6.400000000000000133e-01 5.459118537721077136e-01
6.600000000000000311e-01 5.685330647409314597e-01
6.800000000000000488e-01 5.915436255724543235e-01
6.999999999999999556e-01 6.149324461921231721e-01
7.199999999999999734e-01 6.386882392157547939e-01
7.399999999999999911e-01 6.627985170684909111e-01
7.600000000000000089e-01 6.872478836717159645e-01
7.800000000000000266e-01 7.120182708511427760e-01
8.000000000000000444e-01 7.370885915928945264e-01
8.199999999999999512e-01 7.624365766724836568e-01
8.399999999999999689e-01 7.880394817196207935e-01
8.599999999999999867e-01 8.138777498532729915e-01
8.800000000000000044e-01 8.399330083836317185e-01
9.000000000000000222e-01 8.661888226181706507e-01
9.200000000000000400e-01 8.926302884055333786e-01
9.399999999999999467e-01 9.192453368258104440e-01
9.599999999999999645e-01 9.460233809064944044e-01
9.799999999999999822e-01 9.729482766268455762e-01
1.000000000000000000e+00 1.000000031788693011e+00
