0.000000000000000000e+00 0.000000000000000000e+00
1.000000000000000021e-02 2.801637070284357378e-03
2.000000000000000042e-02 5.627325550393857956e-03
2.999999999999999889e-02 8.479422976935130363e-03
4.000000000000000083e-02 1.135991779706946314e-02
5.000000000000000278e-02 1.427095420776511303e-02
5.999999999999999778e-02 1.721454912138969950e-02
7.000000000000000666e-02 2.019303973704475452e-02
8.000000000000000167e-02 2.320901391749966014e-02
8.999999999999999667e-02 2.626502464249627633e-02
1.000000000000000056e-01 2.936394176011666857e-02
1.100000000000000006e-01 3.250877590427045383e-02
1.199999999999999956e-01 3.570258370932369307e-02
1.300000000000000044e-01 3.894897841787861581e-02
1.400000000000000133e-01 4.225167856200934269e-02
1.499999999999999944e-01 4.561462462280443941e-02
1.600000000000000033e-01 4.904204512545234929e-02
1.700000000000000122e-01 5.253850839826018637e-02
1.799999999999999933e-01 5.610894207471056605e-02
1.900000000000000022e-01 5.975865949680433942e-02
2.000000000000000111e-01 6.349337757384326819e-02
2.099999999999999922e-01 6.731915863727036542e-02
2.200000000000000011e-01 7.124260547185545800e-02
2.300000000000000100e-01 7.527096898139143399e-02
2.399999999999999911e-01 7.941186578692932541e-02
2.500000000000000000e-01 8.367305197607047274e-02
2.600000000000000089e-01 8.806270884542424793e-02
2.700000000000000178e-01 9.258930919344651733e-02
2.800000000000000266e-01 9.726137097701659240e-02
2.899999999999999800e-01 1.020874715666758303e-01
2.999999999999999889e-01 1.070763688377160960e-01
3.099999999999999978e-01 1.122373083947829919e-01
3.200000000000000067e-01 1.175796094344561948e-01
3.300000000000000155e-01 1.231133297913396263e-01
3.400000000000000244e-01 1.288480976180207682e-01
3.499999999999999778e-01 1.347937439362368317e-01
3.599999999999999867e-01 1.409611654712387141e-01
3.699999999999999956e-01 1.473628092895293007e-01
3.800000000000000044e-01 1.540108653186645360e-01
3.900000000000000133e-01 1.609195618305526987e-01
4.000000000000000222e-01 1.681015326686201572e-01
4.099999999999999756e-01 1.755705112612364061e-01
4.199999999999999845e-01 1.833407060248158638e-01
4.299999999999999933e-01 1.914263662687939460e-01
4.400000000000000022e-01 1.998410788305946262e-01
4.500000000000000111e-01 2.085953522908106095e-01
4.600000000000000200e-01 2.176967275116058476e-01
4.699999999999999734e-01 2.271461363618829110e-01
4.799999999999999822e-01 2.369422333168527683e-01
4.899999999999999911e-01 2.469408035859191886e-01
5.000000000000000000e-01 2.569408694903205226e-01
5.100000000000000089e-01 2.669407944115692599e-01
5.200000000000000178e-01 2.769425818117723925e-01
5.300000000000000266e-01 2.871464424150916850e-01
5.400000000000000355e-01 2.976970923985756690e-01
5.500000000000000444e-01 3.085957818356847016e-01
5.600000000000000533e-01 3.198413534399648928e-01
5.699999999999999512e-01 3.314267610247450535e-01
5.799999999999999600e-01 3.433406605660788147e-01
5.899999999999999689e-01 3.555705058436161581e-01
5.999999999999999778e-01 3.681015189757437800e-01
6.099999999999999867e-01 3.809195387592190229e-01
6.199999999999999956e-01 3.940108558037411779e-01
6.300000000000000044e-01 4.073628551483056137e-01
6.400000000000000133e-01 4.209611526005923032e-01
6.500000000000000222e-01 4.347938505158602251e-01
6.600000000000000311e-01 4.488480896647584206e-01
6.700000000000000400e-01 4.631130421002949138e-01
6.800000000000000488e-01 4.775797658928973011e-01
6.899999999999999467e-01 4.922374554568004212e-01
6.999999999999999556e-01 5.070765667276215805e-01
7.099999999999999645e-01 5.220876471042128486e-01
7.199999999999999734e-01 5.372615945111087754e-01
7.299999999999999822e-01 5.525895686765556203e-01
7.399999999999999911e-01 5.680626594136831686e-01
7.500000000000000000e-01 5.836729963901519103e-01
7.600000000000000089e-01 5.994118273257877938e-01
7.700000000000000178e-01 6.152709486042075016e-01
7.800000000000000266e-01 6.312428822104589887e-01
7.900000000000000355e-01 6.473193132503841651e-01
8.000000000000000444e-01 6.634934505132119575e-01
8.100000000000000533e-01 6.797587025462654697e-01
8.199999999999999512e-01 6.961089555175168364e-01
8.299999999999999600e-01 7.125385450371708451e-01
8.399999999999999689e-01 7.290420894277545028e-01
8.499999999999999778e-01 7.456146664494630594e-01
8.599999999999999867e-01 7.622517089970443083e-01
8.699999999999999956e-01 7.789490097718391182e-01
8.800000000000000044e-01 7.957026289923370133e-01
8.900000000000000133e-01 8.125088477293846978e-01
9.000000000000000222e-01 8.293641561155848940e-01
9.100000000000000311e-01 8.462650593960889811e-01
9.200000000000000400e-01 8.632090506229674887e-01
9.300000000000000488e-01 8.801931285599264854e-01
9.399999999999999467e-01 8.972145974140948166e-01
9.499999999999999556e-01 9.142709957787038544e-01
9.599999999999999645e-01 9.313600081032462619e-01
9.699999999999999734e-01 9.484794918245922357e-01
9.799999999999999822e-01 9.656273983092247271e-01
9.899999999999999911e-01 9.828017019355910211e-01
1.000000000000000000e+00 1.000000003507057311e+00
