0.000000000000000000e+00 0.000000000000000000e+00
1.000000000000000021e-02 9.999995687112517295e-03
2.000000000000000042e-02 1.999999383232420325e-02
2.999999999999999889e-02 2.999999629825944591e-02
4.000000000000000083e-02 3.999999734542014629e-02
5.000000000000000278e-02 4.999999093606966039e-02
5.999999999999999778e-02 5.999999826486746013e-02
7.000000000000000666e-02 6.999999780113563830e-02
8.000000000000000167e-02 7.999998115554629585e-02
8.999999999999999667e-02 8.999998846790974172e-02
1.000000000000000056e-01 9.999999200721804149e-02
1.100000000000000006e-01 1.099999933645119388e-01
1.199999999999999956e-01 1.199999935735290846e-01
1.300000000000000044e-01 1.299999931338226000e-01
1.400000000000000133e-01 1.399999929089095763e-01
1.499999999999999944e-01 1.499999928643181435e-01
1.600000000000000033e-01 1.599999931527274488e-01
1.700000000000000122e-01 1.699999937580935483e-01
1.799999999999999933e-01 1.799999947407667222e-01
1.900000000000000022e-01 1.899999960183307302e-01
2.000000000000000111e-01 1.999999967504958454e-01
2.099999999999999922e-01 2.099999968815826068e-01
2.200000000000000011e-01 2.199999976796710444e-01
2.300000000000000100e-01 2.299999782840855822e-01
2.399999999999999911e-01 2.399999847019019805e-01
2.500000000000000000e-01 2.499999892725152661e-01
2.600000000000000089e-01 2.599999906525897742e-01
2.700000000000000178e-01 2.699999895711711062e-01
2.800000000000000266e-01 2.799999875927183246e-01
2.899999999999999800e-01 2.899999880241313499e-01
2.999999999999999889e-01 2.999999896244565645e-01
3.099999999999999978e-01 3.099999900922029150e-01
3.200000000000000067e-01 3.199999903551756231e-01
3.300000000000000155e-01 3.299999904919771465e-01
3.400000000000000244e-01 3.399999906871417066e-01
3.499999999999999778e-01 3.499999909962400180e-01
3.599999999999999867e-01 3.599999913513814986e-01
3.699999999999999956e-01 3.699999917593769228e-01
3.800000000000000044e-01 3.799999920491271554e-01
3.900000000000000133e-01 3.899999923702019977e-01
4.000000000000000222e-01 3.999999925239675624e-01
4.099999999999999756e-01 4.099999927922773346e-01
4.199999999999999845e-01 4.199999924503260429e-01
4.299999999999999933e-01 4.299999927697924496e-01
4.400000000000000022e-01 4.399999921373624612e-01
4.500000000000000111e-01 4.499999917370245406e-01
4.600000000000000200e-01 4.599999913303479127e-01
4.699999999999999734e-01 4.699999909387144736e-01
4.799999999999999822e-01 4.799999907447949909e-01
4.899999999999999911e-01 4.899999900640157890e-01
5.000000000000000000e-01 4.999999896022746526e-01
5.100000000000000089e-01 5.099999890363493549e-01
5.200000000000000178e-01 5.199999887915214281e-01
5.300000000000000266e-01 5.299999883311513615e-01
5.400000000000000355e-01 5.399999876291944334e-01
5.500000000000000444e-01 5.499999868978142636e-01
5.600000000000000533e-01 5.599999859820392611e-01
5.699999999999999512e-01 5.699999852773603992e-01
5.799999999999999600e-01 5.799999843732256410e-01
5.899999999999999689e-01 5.899999834373580443e-01
5.999999999999999778e-01 5.999999823832379287e-01
6.099999999999999867e-01 6.099999812343654959e-01
6.199999999999999956e-01 6.199999799241711074e-01
6.300000000000000044e-01 6.299999785483175740e-01
6.400000000000000133e-01 6.399999772405983167e-01
6.500000000000000222e-01 6.499999776028196896e-01
6.600000000000000311e-01 6.599999776737632828e-01
6.700000000000000400e-01 6.699999776613555502e-01
6.800000000000000488e-01 6.799999772594217395e-01
6.899999999999999467e-01 6.899999766814184365e-01
6.999999999999999556e-01 6.999999757845256632e-01
7.099999999999999645e-01 7.099999748704760583e-01
7.199999999999999734e-01 7.199999748041576719e-01
7.299999999999999822e-01 7.299999746782471766e-01
7.399999999999999911e-01 7.399999749744767819e-01
7.500000000000000000e-01 7.499999740431201323e-01
7.600000000000000089e-01 7.599999717199128479e-01
7.700000000000000178e-01 7.699999698708342999e-01
7.800000000000000266e-01 7.799999682729612527e-01
7.900000000000000355e-01 7.899999671032533755e-01
8.000000000000000444e-01 7.999999660678575042e-01
8.100000000000000533e-01 8.099999631124530364e-01
8.199999999999999512e-01 8.199999600539216171e-01
8.299999999999999600e-01 8.299999567756231045e-01
8.399999999999999689e-01 8.399999976039876914e-01
8.499999999999999778e-01 8.499999974406196035e-01
8.599999999999999867e-01 8.599999971861822523e-01
8.699999999999999956e-01 8.699999965984621664e-01
8.800000000000000044e-01 8.799999957426830610e-01
8.900000000000000133e-01 8.899999947540215839e-01
9.000000000000000222e-01 8.999999937573448516e-01
9.100000000000000311e-01 9.099999929863042958e-01
9.200000000000000400e-01 9.199999922415078579e-01
9.300000000000000488e-01 9.299999910294649563e-01
9.399999999999999467e-01 9.399999887272183496e-01
9.499999999999999556e-01 9.499999881016558678e-01
9.599999999999999645e-01 9.599999894925841382e-01
9.699999999999999734e-01 9.699999747265739547e-01
9.799999999999999822e-01 9.799999702821660108e-01
9.899999999999999911e-01 9.899999852540071199e-01
1.000000000000000000e+00 1.000000009567204806e+00
