0.000000000000000000e+00 0.000000000000000000e+00
1.000000000000000021e-02 9.060563077058381154e-03
2.000000000000000042e-02 1.813559748367576940e-02
2.999999999999999889e-02 2.722594378426135275e-02
4.000000000000000083e-02 3.633215368832681813e-02
5.000000000000000278e-02 4.545465842131973799e-02
5.999999999999999778e-02 5.459385013058110081e-02
7.000000000000000666e-02 6.374984621406087903e-02
8.000000000000000167e-02 7.292306363105777178e-02
8.999999999999999667e-02 8.211356407185982365e-02
1.000000000000000056e-01 9.132162286416461994e-02
1.100000000000000006e-01 1.005475168001918052e-01
1.199999999999999956e-01 1.097914769053087714e-01
1.300000000000000044e-01 1.190537160107249526e-01
1.400000000000000133e-01 1.283342650140842367e-01
1.499999999999999944e-01 1.376335302188427256e-01
1.600000000000000033e-01 1.469516239840553129e-01
1.700000000000000122e-01 1.562888015481766479e-01
1.799999999999999933e-01 1.656453175925047816e-01
1.900000000000000022e-01 1.750215087033947792e-01
2.000000000000000111e-01 1.844172917973754267e-01
2.099999999999999922e-01 1.938331001378152951e-01
2.200000000000000011e-01 2.032690302628822332e-01
2.300000000000000100e-01 2.127252266240041156e-01
2.399999999999999911e-01 2.222019180569241859e-01
2.500000000000000000e-01 2.316991135147835057e-01
2.600000000000000089e-01 2.412169182661879629e-01
2.700000000000000178e-01 2.507554771247553216e-01
2.800000000000000266e-01 2.603147426302316325e-01
2.899999999999999800e-01 2.698947631430392846e-01
2.999999999999999889e-01 2.794955456059026178e-01
3.099999999999999978e-01 2.891170890270958194e-01
3.200000000000000067e-01 2.987593349589925396e-01
3.300000000000000155e-01 3.084222255098243437e-01
3.400000000000000244e-01 3.181058383321390126e-01
3.499999999999999778e-01 3.278101597419206259e-01
3.599999999999999867e-01 3.375347002218551662e-01
3.699999999999999956e-01 3.472802608445889061e-01
3.800000000000000044e-01 3.570457520159644460e-01
3.900000000000000133e-01 3.668317488469985954e-01
4.000000000000000222e-01 3.766378966887856672e-01
4.099999999999999756e-01 3.864641870828652293e-01
4.199999999999999845e-01 3.963106279130431120e-01
4.299999999999999933e-01 4.061773611077866830e-01
4.400000000000000022e-01 4.160661369179262659e-01
4.500000000000000111e-01 4.259787738566254145e-01
4.600000000000000200e-01 4.359163208448000315e-01
4.699999999999999734e-01 4.458828964658071992e-01
4.799999999999999822e-01 4.558799881416426558e-01
4.899999999999999911e-01 4.658799537120608125e-01
5.000000000000000000e-01 4.758799285424945014e-01
5.100000000000000089e-01 4.858799543490545103e-01
5.200000000000000178e-01 4.958799905681165465e-01
5.300000000000000266e-01 5.058828931506879067e-01
5.400000000000000355e-01 5.159163681962114500e-01
5.500000000000000444e-01 5.259788091429959955e-01
5.600000000000000533e-01 5.360662577422711239e-01
5.699999999999999512e-01 5.461775736664425951e-01
5.799999999999999600e-01 5.563108666435251370e-01
5.899999999999999689e-01 5.664643610728905543e-01
5.999999999999999778e-01 5.766380810223358244e-01
6.099999999999999867e-01 5.868319045541549039e-01
6.199999999999999956e-01 5.970459897091294765e-01
6.300000000000000044e-01 6.072802428829590093e-01
6.400000000000000133e-01 6.175348302101443254e-01
6.500000000000000222e-01 6.278099496452386186e-01
6.600000000000000311e-01 6.381057296734976569e-01
6.700000000000000400e-01 6.484221064647365251e-01
6.800000000000000488e-01 6.587591791257807472e-01
6.899999999999999467e-01 6.691169447472998799e-01
6.999999999999999556e-01 6.794954340111651891e-01
7.099999999999999645e-01 6.898946810208632652e-01
7.199999999999999734e-01 7.003146701430306154e-01
7.299999999999999822e-01 7.107554128595844345e-01
7.399999999999999911e-01 7.212169201737588242e-01
7.500000000000000000e-01 7.316991125815124342e-01
7.600000000000000089e-01 7.422019136586383015e-01
7.700000000000000178e-01 7.527252535344914897e-01
7.800000000000000266e-01 7.632690325154773969e-01
7.900000000000000355e-01 7.738331055226874700e-01
8.000000000000000444e-01 7.844173072044586803e-01
8.100000000000000533e-01 7.950214630332754773e-01
8.199999999999999512e-01 8.056453744223159852e-01
8.299999999999999600e-01 8.162888940126324933e-01
8.399999999999999689e-01 8.269517300482152056e-01
8.499999999999999778e-01 8.376335996885123647e-01
8.599999999999999867e-01 8.483342882228632753e-01
8.699999999999999956e-01 8.590536204095460260e-01
8.800000000000000044e-01 8.697915666026587722e-01
8.900000000000000133e-01 8.805475867147402047e-01
9.000000000000000222e-01 8.913216720454816278e-01
9.100000000000000311e-01 9.021135994952761417e-01
9.200000000000000400e-01 9.129231270450133273e-01
9.300000000000000488e-01 9.237498711599494428e-01
9.399999999999999467e-01 9.345938430834926924e-01
9.499999999999999556e-01 9.454547154276099485e-01
9.599999999999999645e-01 9.563322488982654024e-01
9.699999999999999734e-01 9.672259665064797396e-01
9.799999999999999822e-01 9.781356270597701963e-01
9.899999999999999911e-01 9.890606289024096442e-01
1.000000000000000000e+00 1.000000017044167411e+00
