0.000000000000000000e+00 0.000000000000000000e+00
2.000000000000000042e-02 2.737401570621312979e-09
4.000000000000000083e-02 3.266527513186495102e-10
5.999999999999999778e-02 5.537688742390640379e-10
8.000000000000000167e-02 1.044453909687012943e-09
1.000000000000000056e-01 8.096419865676234796e-09
1.199999999999999956e-01 3.088567680682803082e-09
1.400000000000000133e-01 4.680685764729441990e-09
1.600000000000000033e-01 7.954853938707525187e-09
1.799999999999999933e-01 1.188692460147651569e-08
2.000000000000000111e-01 1.736289899779773975e-08
2.200000000000000011e-01 2.553932297406737989e-08
2.399999999999999911e-01 3.513596461433344163e-08
2.600000000000000089e-01 4.930922020765238920e-08
2.800000000000000266e-01 7.042520757220374395e-08
2.999999999999999889e-01 1.017279764620523054e-07
3.200000000000000067e-01 1.806521397699290964e-08
3.400000000000000244e-01 2.113580763810297941e-08
3.599999999999999867e-01 2.147725727205883679e-08
3.800000000000000044e-01 3.209869001227159054e-08
4.000000000000000222e-01 4.136153191139192948e-08
4.199999999999999845e-01 2.626728035858844963e-08
4.400000000000000022e-01 2.255894937472722763e-08
4.600000000000000200e-01 5.810998089914655913e-09
4.799999999999999822e-01 3.358174948651217203e-08
5.000000000000000000e-01 2.182370292787561006e-04
5.200000000000000178e-01 4.000003055262274509e-02
5.400000000000000355e-01 8.000002544708195718e-02
5.600000000000000533e-01 1.200000248638650180e-01
5.799999999999999600e-01 1.600000151846845964e-01
5.999999999999999778e-01 2.000000095340044859e-01
6.199999999999999956e-01 2.400000371818141187e-01
6.400000000000000133e-01 2.800000198387138650e-01
6.600000000000000311e-01 3.200000115152875080e-01
6.800000000000000488e-01 3.600000058102260092e-01
6.999999999999999556e-01 4.000000028912735761e-01
7.199999999999999734e-01 4.400000138831706153e-01
7.399999999999999911e-01 4.800000078136965054e-01
7.600000000000000089e-01 5.200000045232769930e-01
7.800000000000000266e-01 5.600000029309386562e-01
8.000000000000000444e-01 6.000000029145060587e-01
8.199999999999999512e-01 6.400000004883725779e-01
8.399999999999999689e-01 6.799999998480299457e-01
8.599999999999999867e-01 7.199999987952645508e-01
8.800000000000000044e-01 7.599999984137471021e-01
9.000000000000000222e-01 7.999999980855574400e-01
9.200000000000000400e-01 8.399999976535956758e-01
9.399999999999999467e-01 8.799999979864400190e-01
9.599999999999999645e-01 9.199999980804576261e-01
9.799999999999999822e-01 9.599999975633241034e-01
1.000000000000000000e+00 9.999999515693149821e-01
