0.000000000000000000e+00 0.000000000000000000e+00
2.000000000000000042e-02 1.405840414260217663e-02
4.000000000000000083e-02 2.823610527983438923e-02
5.999999999999999778e-02 4.255102429127460839e-02
8.000000000000000167e-02 5.701944282061477409e-02
1.000000000000000056e-01 7.165163813998792763e-02
1.199999999999999956e-01 8.645646286031716254e-02
1.400000000000000133e-01 1.014449883577959177e-01
1.600000000000000033e-01 1.166299793857851763e-01
1.799999999999999933e-01 1.320254284166915149e-01
2.000000000000000111e-01 1.476465788286199787e-01
2.200000000000000011e-01 1.635101961861846753e-01
2.399999999999999911e-01 1.796327406099181845e-01
2.600000000000000089e-01 1.960287411902322807e-01
2.800000000000000266e-01 2.127102465149456334e-01
2.999999999999999889e-01 2.296870600678306562e-01
3.200000000000000067e-01 2.469660551269510784e-01
3.400000000000000244e-01 2.645524776996703853e-01
3.599999999999999867e-01 2.824529383820606476e-01
3.800000000000000044e-01 3.006726228653580080e-01
4.000000000000000222e-01 3.192367305984443182e-01
4.199999999999999845e-01 3.381798920567996025e-01
4.400000000000000022e-01 3.575218235342065842e-01
4.600000000000000200e-01 3.772817182692562721e-01
4.799999999999999822e-01 3.972804310459904231e-01
5.000000000000000000e-01 4.172803549327168127e-01
5.200000000000000178e-01 4.372803981345497748e-01
5.400000000000000355e-01 4.572821121994080085e-01
5.600000000000000533e-01 4.775217751085167328e-01
5.799999999999999600e-01 4.981798481262856848e-01
5.999999999999999778e-01 5.192367266863344710e-01
6.199999999999999956e-01 5.406727078213795501e-01
6.400000000000000133e-01 5.624531018280805039e-01
6.600000000000000311e-01 5.845522543649329661e-01
6.800000000000000488e-01 6.069660292851041250e-01
6.999999999999999556e-01 6.296870479468638093e-01
7.199999999999999734e-01 6.527102159426065864e-01
7.399999999999999911e-01 6.760286937923645212e-01
7.600000000000000089e-01 6.996327134691254779e-01
7.800000000000000266e-01 7.235101800013522544e-01
8.000000000000000444e-01 7.476465740850790631e-01
8.199999999999999512e-01 7.720256392158897363e-01
8.399999999999999689e-01 7.966300337497213002e-01
8.599999999999999867e-01 8.214450315279893111e-01
8.800000000000000044e-01 8.464566669971622659e-01
9.000000000000000222e-01 8.716516448442603870e-01
9.200000000000000400e-01 8.970194019085819814e-01
9.399999999999999467e-01 9.225511169046383131e-01
9.599999999999999645e-01 9.482361903872067455e-01
9.799999999999999822e-01 9.740585064637827806e-01
1.000000000000000000e+00 1.000000024843218593e+00
