0.000000000000000000e+00 0.000000000000000000e+00
2.000000000000000042e-02 1.063460654498271651e-02
4.000000000000000083e-02 2.140464140039755048e-02
5.999999999999999778e-02 3.232583164839780698e-02
8.000000000000000167e-02 4.341330777888352532e-02
1.000000000000000056e-01 5.468306414861295872e-02
1.199999999999999956e-01 6.615310256011019963e-02
1.400000000000000133e-01 7.784390181972367095e-02
1.600000000000000033e-01 8.977839457466521567e-02
1.799999999999999933e-01 1.019825490365089682e-01
2.000000000000000111e-01 1.144859168856631193e-01
2.200000000000000011e-01 1.273208546070325187e-01
2.399999999999999911e-01 1.405230464788780886e-01
2.600000000000000089e-01 1.541294976661420069e-01
2.800000000000000266e-01 1.681737928518917680e-01
2.999999999999999889e-01 1.826873738754589416e-01
3.200000000000000067e-01 1.976980914859878258e-01
3.400000000000000244e-01 2.132382982498899626e-01
3.599999999999999867e-01 2.293314508355378811e-01
3.800000000000000044e-01 2.460125925146358916e-01
4.000000000000000222e-01 2.633397258154852594e-01
4.199999999999999845e-01 2.813601218742188270e-01
4.400000000000000022e-01 3.001045387114731899e-01
4.600000000000000200e-01 3.195741821622301582e-01
4.799999999999999822e-01 3.395510923622271360e-01
5.000000000000000000e-01 3.595511886812050029e-01
5.200000000000000178e-01 3.795510952583820430e-01
5.400000000000000355e-01 3.995739544911903751e-01
5.600000000000000533e-01 4.201044514365401827e-01
5.799999999999999600e-01 4.413600658716611003e-01
5.999999999999999778e-01 4.633395467901555986e-01
6.199999999999999956e-01 4.860124962296102913e-01
6.400000000000000133e-01 5.093314682118463832e-01
6.600000000000000311e-01 5.332382828925996687e-01
6.800000000000000488e-01 5.576981016802211588e-01
6.999999999999999556e-01 5.826871648920621816e-01
7.199999999999999734e-01 6.081736991884416632e-01
7.399999999999999911e-01 6.341294403341825037e-01
7.600000000000000089e-01 6.605230481023702804e-01
7.800000000000000266e-01 6.873208696497674630e-01
8.000000000000000444e-01 7.144859061263263422e-01
8.199999999999999512e-01 7.419827125665037215e-01
8.399999999999999689e-01 7.697784794543988118e-01
8.599999999999999867e-01 7.978439468245017707e-01
8.800000000000000044e-01 8.261531127949170994e-01
9.000000000000000222e-01 8.546830986661855256e-01
9.200000000000000400e-01 8.834132426011196415e-01
9.399999999999999467e-01 9.123258961360716235e-01
9.599999999999999645e-01 9.414046983890255182e-01
9.799999999999999822e-01 9.706347369614306553e-01
1.000000000000000000e+00 1.000000003410140836e+00
