0.000000000000000000e+00 0.000000000000000000e+00
1.000000000000000021e-02 2.134924079298675115e-03
2.000000000000000042e-02 4.290841840333653456e-03
2.999999999999999889e-02 6.469848924712570670e-03
4.000000000000000083e-02 8.673916766520850530e-03
5.000000000000000278e-02 1.090504366230081457e-02
5.999999999999999778e-02 1.316538421745400145e-02
7.000000000000000666e-02 1.545724081984395371e-02
8.000000000000000167e-02 1.778302700828472693e-02
8.999999999999999667e-02 2.014538689917140524e-02
1.000000000000000056e-01 2.254718508002877264e-02
1.100000000000000006e-01 2.499144347088842755e-02
1.199999999999999956e-01 2.748154535734396997e-02
1.300000000000000044e-01 3.002077858249913023e-02
1.400000000000000133e-01 3.261312475186353699e-02
1.499999999999999944e-01 3.526258886010195936e-02
1.600000000000000033e-01 3.797349732086433005e-02
1.700000000000000122e-01 4.075053901234294840e-02
1.799999999999999933e-01 4.359876856808610202e-02
1.900000000000000022e-01 4.652365326102070320e-02
2.000000000000000111e-01 4.953105566227783418e-02
2.099999999999999922e-01 5.262722704023554965e-02
2.200000000000000011e-01 5.581865782330888703e-02
2.300000000000000100e-01 5.911215471545824829e-02
2.399999999999999911e-01 6.251477032417666890e-02
2.500000000000000000e-01 6.603401140845410744e-02
2.600000000000000089e-01 6.967796186098304534e-02
2.700000000000000178e-01 7.345548908458865434e-02
2.800000000000000266e-01 7.737589021399368661e-02
2.899999999999999800e-01 8.144894945313263523e-02
2.999999999999999889e-01 8.568516725334962558e-02
3.099999999999999978e-01 9.009505012254763467e-02
3.200000000000000067e-01 9.469093657894558924e-02
3.300000000000000155e-01 9.948438869171585819e-02
3.400000000000000244e-01 1.044873044728317213e-01
3.499999999999999778e-01 1.097116274594092389e-01
3.599999999999999867e-01 1.151697032422122347e-01
3.699999999999999956e-01 1.208748110890456307e-01
3.800000000000000044e-01 1.268408701975210495e-01
3.900000000000000133e-01 1.330830119265716538e-01
4.000000000000000222e-01 1.396179442774073132e-01
4.099999999999999756e-01 1.464638596987997421e-01
4.199999999999999845e-01 1.536403505876499376e-01
4.299999999999999933e-01 1.611679043716437443e-01
4.400000000000000022e-01 1.690686171599928289e-01
4.500000000000000111e-01 1.773617483879267875e-01
4.600000000000000200e-01 1.860627727877804949e-01
4.699999999999999734e-01 1.951822726385242790e-01
4.799999999999999822e-01 2.047242530343458544e-01
4.899999999999999911e-01 2.146485156191360599e-01
5.000000000000000000e-01 2.246486234938956661e-01
5.100000000000000089e-01 2.346485352862304752e-01
5.200000000000000178e-01 2.447240374904901539e-01
5.300000000000000266e-01 2.551818994201019986e-01
5.400000000000000355e-01 2.660624060344559672e-01
5.500000000000000444e-01 2.773615228861738835e-01
5.600000000000000533e-01 2.890684085394589209e-01
5.699999999999999512e-01 3.011677749701276996e-01
5.799999999999999600e-01 3.136402025165228036e-01
5.899999999999999689e-01 3.264637457626951011e-01
5.999999999999999778e-01 3.396178652282839661e-01
6.099999999999999867e-01 3.530829298599749144e-01
6.199999999999999956e-01 3.668408253602387648e-01
6.300000000000000044e-01 3.808747973390295138e-01
6.400000000000000133e-01 3.951697834484100280e-01
6.500000000000000222e-01 4.097116432369999339e-01
6.600000000000000311e-01 4.244873190263854790e-01
6.700000000000000400e-01 4.394844058535282705e-01
6.800000000000000488e-01 4.546909460695223726e-01
6.899999999999999467e-01 4.700950703560350386e-01
6.999999999999999556e-01 4.856848704800518779e-01
7.099999999999999645e-01 5.014487477266362792e-01
7.199999999999999734e-01 5.173756881094961901e-01
7.299999999999999822e-01 5.334553070790719609e-01
7.399999999999999911e-01 5.496778334292787838e-01
7.500000000000000000e-01 5.660338833291655991e-01
7.600000000000000089e-01 5.825146584470886069e-01
7.700000000000000178e-01 5.991120420436040206e-01
7.800000000000000266e-01 6.158185718565654110e-01
7.900000000000000355e-01 6.326271506084664153e-01
8.000000000000000444e-01 6.495312843753537901e-01
8.100000000000000533e-01 6.665237679502817869e-01
8.199999999999999512e-01 6.835988483669055427e-01
8.299999999999999600e-01 7.007505979688233300e-01
8.399999999999999689e-01 7.179735474830714059e-01
8.499999999999999778e-01 7.352626308215485240e-01
8.599999999999999867e-01 7.526131424657156455e-01
8.699999999999999956e-01 7.700208497088206760e-01
8.800000000000000044e-01 7.874814660018801815e-01
8.900000000000000133e-01 8.049914814096648108e-01
9.000000000000000222e-01 8.225472427510651663e-01
9.100000000000000311e-01 8.401454818165131622e-01
9.200000000000000400e-01 8.577831194930585212e-01
9.300000000000000488e-01 8.754573132119234380e-01
9.399999999999999467e-01 8.931654875803680671e-01
9.499999999999999556e-01 9.109051670767978059e-01
9.599999999999999645e-01 9.286739934913841310e-01
9.699999999999999734e-01 9.464699099617808198e-01
9.799999999999999822e-01 9.642910054774471718e-01
9.899999999999999911e-01 9.821350210139968562e-01
1.000000000000000000e+00 1.000000003811047034e+00
