0.000000000000000000e+00 0.000000000000000000e+00
1.000000000000000021e-02 9.515265011391660366e-03
2.000000000000000042e-02 1.903916392191162821e-02
2.999999999999999889e-02 2.857195776742205151e-02
4.000000000000000083e-02 3.811375704943797960e-02
5.000000000000000278e-02 4.766463754134764308e-02
5.999999999999999778e-02 5.722472205449491423e-02
7.000000000000000666e-02 6.679396465232662061e-02
8.000000000000000167e-02 7.637246780516643296e-02
8.999999999999999667e-02 8.596028272668554404e-02
1.000000000000000056e-01 9.555746129363429375e-02
1.100000000000000006e-01 1.051640795102365411e-01
1.199999999999999956e-01 1.147802121821495103e-01
1.300000000000000044e-01 1.244059530247496603e-01
1.400000000000000133e-01 1.340413771200597015e-01
1.499999999999999944e-01 1.436866166259170297e-01
1.600000000000000033e-01 1.533417266262299128e-01
1.700000000000000122e-01 1.630067513928548095e-01
1.799999999999999933e-01 1.726815991245740922e-01
1.900000000000000022e-01 1.823666232565811507e-01
2.000000000000000111e-01 1.920619189774817048e-01
2.099999999999999922e-01 2.017672102033434833e-01
2.200000000000000011e-01 2.114827239792034241e-01
2.300000000000000100e-01 2.212085105000286545e-01
2.399999999999999911e-01 2.309445558792932451e-01
2.500000000000000000e-01 2.406908678297104420e-01
2.600000000000000089e-01 2.504475264828398551e-01
2.700000000000000178e-01 2.602144840371503065e-01
2.800000000000000266e-01 2.699917469743509102e-01
2.899999999999999800e-01 2.797793215336704664e-01
2.999999999999999889e-01 2.895772061472073888e-01
3.099999999999999978e-01 2.993853962457108109e-01
3.200000000000000067e-01 3.092039098950231102e-01
3.300000000000000155e-01 3.190327215018393114e-01
3.400000000000000244e-01 3.288718308382871935e-01
3.499999999999999778e-01 3.387212086651864018e-01
3.599999999999999867e-01 3.485808489704773638e-01
3.699999999999999956e-01 3.584507654371283381e-01
3.800000000000000044e-01 3.683309022432134650e-01
3.900000000000000133e-01 3.782212400046765510e-01
4.000000000000000222e-01 3.881217115472574974e-01
4.099999999999999756e-01 3.980323556927468642e-01
4.199999999999999845e-01 4.079528948783696096e-01
4.299999999999999933e-01 4.178835944983610995e-01
4.400000000000000022e-01 4.278242415323486592e-01
4.500000000000000111e-01 4.377747636066422476e-01
4.600000000000000200e-01 4.477352679396653934e-01
4.699999999999999734e-01 4.577068775549670843e-01
4.799999999999999822e-01 4.676909024854172259e-01
4.899999999999999911e-01 4.776899095872231826e-01
5.000000000000000000e-01 4.876898951530991289e-01
5.100000000000000089e-01 4.976899165834995920e-01
5.200000000000000178e-01 5.076911383737754413e-01
5.300000000000000266e-01 5.177068942441673816e-01
5.400000000000000355e-01 5.277353693672601764e-01
5.500000000000000444e-01 5.377748165551523574e-01
5.600000000000000533e-01 5.478243047401879506e-01
5.699999999999999512e-01 5.578837162192070709e-01
5.799999999999999600e-01 5.679530216963910583e-01
5.899999999999999689e-01 5.780323768640528437e-01
5.999999999999999778e-01 5.881217362264874460e-01
6.099999999999999867e-01 5.982211803939646577e-01
6.199999999999999956e-01 6.083308454150141431e-01
6.300000000000000044e-01 6.184507227356546011e-01
6.400000000000000133e-01 6.285808386501696710e-01
6.500000000000000222e-01 6.387211874927499755e-01
6.600000000000000311e-01 6.488718096459791251e-01
6.700000000000000400e-01 6.590327092091168293e-01
6.800000000000000488e-01 6.692039005473735536e-01
6.899999999999999467e-01 6.793853990863113479e-01
6.999999999999999556e-01 6.895771979934336438e-01
7.099999999999999645e-01 6.997793135411247700e-01
7.199999999999999734e-01 7.099917437171192613e-01
7.299999999999999822e-01 7.202144800300835925e-01
7.399999999999999911e-01 7.304475243403713014e-01
7.500000000000000000e-01 7.406908684390447473e-01
7.600000000000000089e-01 7.509445041440416801e-01
7.700000000000000178e-01 7.612084235271655563e-01
7.800000000000000266e-01 7.714826327778819826e-01
7.900000000000000355e-01 7.817670966073878569e-01
8.000000000000000444e-01 7.920617803629748099e-01
8.100000000000000533e-01 8.023666384242059690e-01
8.199999999999999512e-01 8.126816205089353318e-01
8.299999999999999600e-01 8.230066441495945684e-01
8.399999999999999689e-01 8.333416520590171128e-01
8.499999999999999778e-01 8.436867535517071914e-01
8.599999999999999867e-01 8.540414565813427838e-01
8.699999999999999956e-01 8.644060023595544484e-01
8.800000000000000044e-01 8.747802502433967842e-01
8.900000000000000133e-01 8.851641239221893498e-01
9.000000000000000222e-01 8.955575127816204350e-01
9.100000000000000311e-01 9.059603289222752931e-01
9.200000000000000400e-01 9.163725150638710737e-01
9.300000000000000488e-01 9.267940147259943195e-01
9.399999999999999467e-01 9.372247570547105333e-01
9.499999999999999556e-01 9.476647037434937637e-01
9.599999999999999645e-01 9.581138112346045954e-01
9.699999999999999734e-01 9.685720318054431566e-01
9.799999999999999822e-01 9.790392046835747486e-01
9.899999999999999911e-01 9.895152800266581172e-01
1.000000000000000000e+00 1.000000010898988378e+00
