0.000000000000000000e+00 0.000000000000000000e+00
2.000000000000000042e-02 1.617664145733860304e-02
4.000000000000000083e-02 3.245024215818070878e-02
5.999999999999999778e-02 4.883279365418191631e-02
8.000000000000000167e-02 6.533452461386013432e-02
1.000000000000000056e-01 8.196272344778543495e-02
1.199999999999999956e-01 9.872275937026808723e-02
1.400000000000000133e-01 1.156191778545813120e-01
1.600000000000000033e-01 1.326575960921066444e-01
1.799999999999999933e-01 1.498444110947655394e-01
2.000000000000000111e-01 1.671866087619664487e-01
2.200000000000000011e-01 1.846918020383564452e-01
2.399999999999999911e-01 2.023664452280181658e-01
2.600000000000000089e-01 2.202155860353375849e-01
2.800000000000000266e-01 2.382433809627851340e-01
2.999999999999999889e-01 2.564526936614365260e-01
3.200000000000000067e-01 2.748453355561483180e-01
3.400000000000000244e-01 2.934212644720313179e-01
3.599999999999999867e-01 3.121802036792431512e-01
3.800000000000000044e-01 3.311231523924035858e-01
4.000000000000000222e-01 3.502521637211629679e-01
4.199999999999999845e-01 3.695856031293930366e-01
4.400000000000000022e-01 3.891430568522743494e-01
4.600000000000000200e-01 4.089474856567492655e-01
4.799999999999999822e-01 4.289405751985532200e-01
5.000000000000000000e-01 4.489405808705859702e-01
5.200000000000000178e-01 4.689405800968483584e-01
5.400000000000000355e-01 4.889472137757267522e-01
5.600000000000000533e-01 5.091429616305647166e-01
5.799999999999999600e-01 5.295855420010551207e-01
5.999999999999999778e-01 5.502522276039446547e-01
6.199999999999999956e-01 5.711233545348917140e-01
6.400000000000000133e-01 5.921803800670739637e-01
6.600000000000000311e-01 6.134215302614957066e-01
6.800000000000000488e-01 6.348453685335779806e-01
6.999999999999999556e-01 6.564526789627485037e-01
7.199999999999999734e-01 6.782433981073214824e-01
7.399999999999999911e-01 7.002156366480122296e-01
7.600000000000000089e-01 7.223664398358193850e-01
7.800000000000000266e-01 7.446918153646688854e-01
8.000000000000000444e-01 7.671866476199153961e-01
8.199999999999999512e-01 7.898443799772987273e-01
8.399999999999999689e-01 8.126576558154223751e-01
8.599999999999999867e-01 8.356191910722059468e-01
8.800000000000000044e-01 8.587228194314919794e-01
9.000000000000000222e-01 8.819626923738507207e-01
9.200000000000000400e-01 9.053346456558385436e-01
9.399999999999999467e-01 9.288328252252443518e-01
9.599999999999999645e-01 9.524502322688098710e-01
9.799999999999999822e-01 9.761767922495308003e-01
1.000000000000000000e+00 1.000000020949495472e+00
