0.000000000000000000e+00 0.000000000000000000e+00
1.000000000000000021e-02 5.888115330114740420e-03
2.000000000000000042e-02 1.180648620911300961e-02
2.999999999999999889e-02 1.775811538628668806e-02
4.000000000000000083e-02 2.374562484107561877e-02
5.000000000000000278e-02 2.977142766901347271e-02
5.999999999999999778e-02 3.583726444421814206e-02
7.000000000000000666e-02 4.194459175861608990e-02
8.000000000000000167e-02 4.809500158353158250e-02
8.999999999999999667e-02 5.429012005593825130e-02
1.000000000000000056e-01 6.053190887359011230e-02
1.100000000000000006e-01 6.682243028504325499e-02
1.199999999999999956e-01 7.316384718521501407e-02
1.300000000000000044e-01 7.955844317862481585e-02
1.400000000000000133e-01 8.600862667673969675e-02
1.499999999999999944e-01 9.251695421653577389e-02
1.600000000000000033e-01 9.908614195877540887e-02
1.700000000000000122e-01 1.057190773332172817e-01
1.799999999999999933e-01 1.124187663162969364e-01
1.900000000000000022e-01 1.191883771845112516e-01
2.000000000000000111e-01 1.260313566207588165e-01
2.099999999999999922e-01 1.329511832660038584e-01
2.200000000000000011e-01 1.399513224447349047e-01
2.300000000000000100e-01 1.470355727698749171e-01
2.399999999999999911e-01 1.542076750107123639e-01
2.500000000000000000e-01 1.614711484455544077e-01
2.600000000000000089e-01 1.688292549717279878e-01
2.700000000000000178e-01 1.762850091840826861e-01
2.800000000000000266e-01 1.838413252266035414e-01
2.899999999999999800e-01 1.915009640839669958e-01
2.999999999999999889e-01 1.992666317881048310e-01
3.099999999999999978e-01 2.071401288786214601e-01
3.200000000000000067e-01 2.151241634725463703e-01
3.300000000000000155e-01 2.232219232604864823e-01
3.400000000000000244e-01 2.314355776396427311e-01
3.499999999999999778e-01 2.397664123124317592e-01
3.599999999999999867e-01 2.482163399515007196e-01
3.699999999999999956e-01 2.567887766224118407e-01
3.800000000000000044e-01 2.654891711036628799e-01
3.900000000000000133e-01 2.743249964622856973e-01
4.000000000000000222e-01 2.833025020239138270e-01
4.099999999999999756e-01 2.924253252381728840e-01
4.199999999999999845e-01 3.016972521852973044e-01
4.299999999999999933e-01 3.111219116515724914e-01
4.400000000000000022e-01 3.207004215375282019e-01
4.500000000000000111e-01 3.304318178552904106e-01
4.600000000000000200e-01 3.403132784929386867e-01
4.699999999999999734e-01 3.503061880946648499e-01
4.799999999999999822e-01 3.603061778234588619e-01
4.899999999999999911e-01 3.703061882904896684e-01
5.000000000000000000e-01 3.803062529667853853e-01
5.100000000000000089e-01 3.903061868611749641e-01
5.200000000000000178e-01 4.003063035461672525e-01
5.300000000000000266e-01 4.103062255317950768e-01
5.400000000000000355e-01 4.203132208837701000e-01
5.500000000000000444e-01 4.304317599593239785e-01
5.600000000000000533e-01 4.407003564177427446e-01
5.699999999999999512e-01 4.511218084225856462e-01
5.799999999999999600e-01 4.616972409025477120e-01
5.899999999999999689e-01 4.724252747868190050e-01
5.999999999999999778e-01 4.833023890134792167e-01
6.099999999999999867e-01 4.943248617362382413e-01
6.199999999999999956e-01 5.054890626676875609e-01
6.300000000000000044e-01 5.167887184325405947e-01
6.400000000000000133e-01 5.282163236696679753e-01
6.500000000000000222e-01 5.397664238335176945e-01
6.600000000000000311e-01 5.514355471345052662e-01
6.700000000000000400e-01 5.632222164830233968e-01
6.800000000000000488e-01 5.751241680446286253e-01
6.899999999999999467e-01 5.871401533183768784e-01
6.999999999999999556e-01 5.992664438218657796e-01
7.099999999999999645e-01 6.115008703041291405e-01
7.199999999999999734e-01 6.238412200687137865e-01
7.299999999999999822e-01 6.362849443648328496e-01
7.399999999999999911e-01 6.488292026469120177e-01
7.500000000000000000e-01 6.614711286998116169e-01
7.600000000000000089e-01 6.742076727480246223e-01
7.700000000000000178e-01 6.870355616588610381e-01
7.800000000000000266e-01 6.999513161186902144e-01
7.900000000000000355e-01 7.129511932585030909e-01
8.000000000000000444e-01 7.260313627651260315e-01
8.100000000000000533e-01 7.391883818205684520e-01
8.199999999999999512e-01 7.524189730372510265e-01
8.299999999999999600e-01 7.657192117876467918e-01
8.399999999999999689e-01 7.790862362501965732e-01
8.499999999999999778e-01 7.925170131879903934e-01
8.599999999999999867e-01 8.060086634712335663e-01
8.699999999999999956e-01 8.195584624196760037e-01
8.800000000000000044e-01 8.331638579405991063e-01
8.900000000000000133e-01 8.468224327593204537e-01
9.000000000000000222e-01 8.605319664511581479e-01
9.100000000000000311e-01 8.742902036486195350e-01
9.200000000000000400e-01 8.880951600712549965e-01
9.300000000000000488e-01 9.019446216619459999e-01
9.399999999999999467e-01 9.158373447205945261e-01
9.499999999999999556e-01 9.297714964916901081e-01
9.599999999999999645e-01 9.437456817501780337e-01
9.699999999999999734e-01 9.577581061730590095e-01
9.799999999999999822e-01 9.718066066476712672e-01
9.899999999999999911e-01 9.858881184118019059e-01
1.000000000000000000e+00 1.000000002438821811e+00
