0.000000000000000000e+00 0.000000000000000000e+00
1.000000000000000021e-02 7.484717728257553326e-04
2.000000000000000042e-02 1.508918018445278009e-03
2.999999999999999889e-02 2.282229561790180550e-03
4.000000000000000083e-02 3.069396992634129684e-03
5.000000000000000278e-02 3.871468151205793851e-03
5.999999999999999778e-02 4.689624959445103103e-03
7.000000000000000666e-02 5.525150565058145613e-03
8.000000000000000167e-02 6.379455524074921502e-03
8.999999999999999667e-02 7.254092072106470279e-03
1.000000000000000056e-01 8.150754532209585068e-03
1.100000000000000006e-01 9.071349198480190001e-03
1.199999999999999956e-01 1.001769711503402993e-02
1.300000000000000044e-01 1.099138221080919742e-02
1.400000000000000133e-01 1.199432833458580899e-02
1.499999999999999944e-01 1.302833377733517151e-02
1.600000000000000033e-01 1.409583508479594904e-02
1.700000000000000122e-01 1.519951686690255988e-02
1.799999999999999933e-01 1.634223711509204952e-02
1.900000000000000022e-01 1.752728708964090831e-02
2.000000000000000111e-01 1.875825389369804863e-02
2.099999999999999922e-01 2.003912806149769910e-02
2.200000000000000011e-01 2.137434162998566589e-02
2.300000000000000100e-01 2.276883222069708834e-02
2.399999999999999911e-01 2.422810908199962698e-02
2.500000000000000000e-01 2.575832567926598926e-02
2.600000000000000089e-01 2.736637556717740755e-02
2.700000000000000178e-01 2.905999525385644100e-02
2.800000000000000266e-01 3.084789537441657431e-02
2.899999999999999800e-01 3.273970893268716986e-02
2.999999999999999889e-01 3.474662054014777263e-02
3.099999999999999978e-01 3.688095301059940434e-02
3.200000000000000067e-01 3.915669011359752816e-02
3.300000000000000155e-01 4.158960454978373467e-02
3.400000000000000244e-01 4.419750799576745159e-02
3.499999999999999778e-01 4.700053952105481825e-02
3.599999999999999867e-01 5.002066875706674687e-02
3.699999999999999956e-01 5.328369209635300252e-02
3.800000000000000044e-01 5.681543277945586001e-02
3.900000000000000133e-01 6.064693791367359310e-02
4.000000000000000222e-01 6.481157440113458068e-02
4.099999999999999756e-01 6.934623674861800646e-02
4.199999999999999845e-01 7.429154466299695003e-02
4.299999999999999933e-01 7.968872589557812747e-02
4.400000000000000022e-01 8.558128981943885494e-02
4.500000000000000111e-01 9.202375148058103416e-02
4.600000000000000200e-01 9.914624261488144685e-02
4.699999999999999734e-01 1.071424412487564093e-01
4.799999999999999822e-01 1.161115593821085423e-01
4.899999999999999911e-01 1.259200715550159166e-01
5.000000000000000000e-01 1.359201050882988815e-01
5.100000000000000089e-01 1.459201171752163018e-01
5.200000000000000178e-01 1.561114064098708953e-01
5.300000000000000266e-01 1.671428726332690462e-01
5.400000000000000355e-01 1.791466232367633082e-01
5.500000000000000444e-01 1.920236036706800542e-01
5.600000000000000533e-01 2.055817183126490422e-01
5.699999999999999512e-01 2.196886880293955624e-01
5.799999999999999600e-01 2.342914717223227861e-01
5.899999999999999689e-01 2.493462355192400670e-01
5.999999999999999778e-01 2.648112442253429677e-01
6.099999999999999867e-01 2.806469126510910961e-01
6.199999999999999956e-01 2.968154116856436819e-01
6.300000000000000044e-01 3.132835994343163843e-01
6.400000000000000133e-01 3.300206824187420507e-01
6.500000000000000222e-01 3.470004763652983493e-01
6.600000000000000311e-01 3.641975929729940331e-01
6.700000000000000400e-01 3.815896874333385980e-01
6.800000000000000488e-01 3.991567427176738181e-01
6.899999999999999467e-01 4.168809770196222342e-01
6.999999999999999556e-01 4.347466284060368391e-01
7.099999999999999645e-01 4.527397118304958279e-01
7.199999999999999734e-01 4.708479755253988652e-01
7.299999999999999822e-01 4.890600906625816591e-01
7.399999999999999911e-01 5.073664596476982203e-01
7.500000000000000000e-01 5.257583986730427483e-01
7.600000000000000089e-01 5.442281839621001538e-01
7.700000000000000178e-01 5.627689083376063994e-01
7.800000000000000266e-01 5.813743068451585616e-01
7.900000000000000355e-01 6.000390948942819769e-01
8.000000000000000444e-01 6.187582220229068675e-01
8.100000000000000533e-01 6.375272558667153255e-01
8.199999999999999512e-01 6.563422084215330132e-01
8.299999999999999600e-01 6.751994825703118153e-01
8.399999999999999689e-01 6.940958358957741714e-01
8.499999999999999778e-01 7.130283397257590750e-01
8.599999999999999867e-01 7.319943365070358254e-01
8.699999999999999956e-01 7.509913817095045241e-01
8.800000000000000044e-01 7.700176844035107049e-01
8.900000000000000133e-01 7.890713278303665978e-01
9.000000000000000222e-01 8.081507621183654511e-01
9.100000000000000311e-01 8.272540923232987176e-01
9.200000000000000400e-01 8.463794567715823280e-01
9.300000000000000488e-01 8.655251481025383331e-01
9.399999999999999467e-01 8.846896165307810422e-01
9.499999999999999556e-01 9.038714499304819627e-01
9.599999999999999645e-01 9.230693844760013977e-01
9.699999999999999734e-01 9.422822224093130306e-01
9.799999999999999822e-01 9.615088916185381418e-01
9.899999999999999911e-01 9.807484492164549872e-01
1.000000000000000000e+00 1.000000005038202078e+00
