0.000000000000000000e+00 0.000000000000000000e+00
1.000000000000000021e-02 9.937183238412417019e-01
2.000000000000000042e-02 9.937815855665166342e-01
2.999999999999999889e-02 9.938443066151844141e-01
4.000000000000000083e-02 9.939072308497831632e-01
5.000000000000000278e-02 9.939699438594074010e-01
5.999999999999999778e-02 9.940328472294295281e-01
7.000000000000000666e-02 9.940956665384176327e-01
8.000000000000000167e-02 9.941585214530479497e-01
8.999999999999999667e-02 9.942214052810600666e-01
1.000000000000000056e-01 9.942843212799873376e-01
1.100000000000000006e-01 9.943472579844706560e-01
1.199999999999999956e-01 9.944102162153070079e-01
1.300000000000000044e-01 9.944731678274335573e-01
1.400000000000000133e-01 9.945361912642819435e-01
1.499999999999999944e-01 9.945992539958644629e-01
1.600000000000000033e-01 9.946623523150118773e-01
1.700000000000000122e-01 9.947255202085342196e-01
1.799999999999999933e-01 9.947886876343065010e-01
1.900000000000000022e-01 9.948519694598242369e-01
2.000000000000000111e-01 9.949153182357367564e-01
2.099999999999999922e-01 9.949786999761985884e-01
2.200000000000000011e-01 9.950421357266627798e-01
2.300000000000000100e-01 9.951056064530898748e-01
2.399999999999999911e-01 9.951690812837564737e-01
2.500000000000000000e-01 9.952325262395642635e-01
2.600000000000000089e-01 9.952965714869218550e-01
2.700000000000000178e-01 9.953601028295053776e-01
2.800000000000000266e-01 9.954237556599129233e-01
2.899999999999999800e-01 9.954874940188547239e-01
2.999999999999999889e-01 9.955507827640414087e-01
3.099999999999999978e-01 9.956149206322242318e-01
3.200000000000000067e-01 9.956786267106043642e-01
3.300000000000000155e-01 9.957423308162557385e-01
3.400000000000000244e-01 9.958060298477556804e-01
3.499999999999999778e-01 9.958697361778019452e-01
3.599999999999999867e-01 9.959333982370175420e-01
3.699999999999999956e-01 9.959970635273711626e-01
3.800000000000000044e-01 9.960605372743547292e-01
3.900000000000000133e-01 9.961242638667924254e-01
4.000000000000000222e-01 9.961880584029997321e-01
4.099999999999999756e-01 9.962519929289544995e-01
4.199999999999999845e-01 9.963156808065778414e-01
4.299999999999999933e-01 9.963793923991847157e-01
4.400000000000000022e-01 9.964431900758191629e-01
4.500000000000000111e-01 9.965071648157711737e-01
4.600000000000000200e-01 9.965709849535969722e-01
4.699999999999999734e-01 9.966349667679031965e-01
4.799999999999999822e-01 9.966989750136825421e-01
4.899999999999999911e-01 9.967629170882289502e-01
5.000000000000000000e-01 9.968266653718516057e-01
5.100000000000000089e-01 9.968898427615674462e-01
5.200000000000000178e-01 9.969529889643476972e-01
5.300000000000000266e-01 9.970159155906550552e-01
5.400000000000000355e-01 9.970789856353650116e-01
5.500000000000000444e-01 9.971421475711381710e-01
5.600000000000000533e-01 9.972053838022966188e-01
5.699999999999999512e-01 9.972686791786145033e-01
5.799999999999999600e-01 9.973320432767537325e-01
5.899999999999999689e-01 9.973953019867933811e-01
5.999999999999999778e-01 9.974587315675988997e-01
6.099999999999999867e-01 9.975221450648500410e-01
6.199999999999999956e-01 9.975855697660538368e-01
6.300000000000000044e-01 9.976490104196086284e-01
6.400000000000000133e-01 9.977124412977265155e-01
6.500000000000000222e-01 9.977758860824393894e-01
6.600000000000000311e-01 9.978393485989099920e-01
6.700000000000000400e-01 9.979028199439250457e-01
6.800000000000000488e-01 9.979662989752864366e-01
6.899999999999999467e-01 9.980297888224587410e-01
6.999999999999999556e-01 9.980932835381470802e-01
7.099999999999999645e-01 9.981567902839250106e-01
7.199999999999999734e-01 9.982202988958343015e-01
7.299999999999999822e-01 9.982838169855496879e-01
7.399999999999999911e-01 9.983473535609653782e-01
7.500000000000000000e-01 9.984109097925876197e-01
7.600000000000000089e-01 9.984744856900527044e-01
7.700000000000000178e-01 9.985380636789171760e-01
7.800000000000000266e-01 9.986016532405250778e-01
7.900000000000000355e-01 9.986652505330819718e-01
8.000000000000000444e-01 9.987288512414917996e-01
8.100000000000000533e-01 9.987924584386104199e-01
8.199999999999999512e-01 9.988560712634878547e-01
8.299999999999999600e-01 9.989196877299423294e-01
8.399999999999999689e-01 9.989833051949353893e-01
8.499999999999999778e-01 9.990469237200401142e-01
8.599999999999999867e-01 9.991106081759447699e-01
8.699999999999999956e-01 9.991742012799925687e-01
8.800000000000000044e-01 9.992377864037270685e-01
8.900000000000000133e-01 9.993013688638889835e-01
9.000000000000000222e-01 9.993649520603636871e-01
9.100000000000000311e-01 9.994285122067885219e-01
9.200000000000000400e-01 9.994920588671284412e-01
9.300000000000000488e-01 9.995555941760755347e-01
9.399999999999999467e-01 9.996191257237622141e-01
9.499999999999999556e-01 9.996826398222723453e-01
9.599999999999999645e-01 9.997461332688103441e-01
9.699999999999999734e-01 9.998096170135244432e-01
9.799999999999999822e-01 9.998730928493736458e-01
9.899999999999999911e-01 9.999365187874289518e-01
1.000000000000000000e+00 1.000000009914102872e+00
