0.000000000000000000e+00 0.000000000000000000e+00
1.000000000000000021e-02 9.060563077058381154e-01
2.000000000000000042e-02 9.067798741837884702e-01
2.999999999999999889e-02 9.075314594753784991e-01
4.000000000000000083e-02 9.083038422081703978e-01
5.000000000000000278e-02 9.090931684263947599e-01
5.999999999999999778e-02 9.098975021763516802e-01
7.000000000000000666e-02 9.107120887722981450e-01
8.000000000000000167e-02 9.115382953882221750e-01
8.999999999999999667e-02 9.123729341317758923e-01
1.000000000000000056e-01 9.132162286416461994e-01
1.100000000000000006e-01 9.140683345471982690e-01
1.199999999999999956e-01 9.149289742109064649e-01
1.300000000000000044e-01 9.157978154671150284e-01
1.400000000000000133e-01 9.166733215291730241e-01
1.499999999999999944e-01 9.175568681256182080e-01
1.600000000000000033e-01 9.184476499003456640e-01
1.700000000000000122e-01 9.193458914598625631e-01
1.799999999999999933e-01 9.202517644028044286e-01
1.900000000000000022e-01 9.211658352810251360e-01
2.000000000000000111e-01 9.220864589868771333e-01
2.099999999999999922e-01 9.230147625610252149e-01
2.200000000000000011e-01 9.239501375585555953e-01
2.300000000000000100e-01 9.248922896695830342e-01
2.399999999999999911e-01 9.258413252371840985e-01
2.500000000000000000e-01 9.267964540591340228e-01
2.600000000000000089e-01 9.277573779468767379e-01
2.700000000000000178e-01 9.287239893509455779e-01
2.800000000000000266e-01 9.296955093936842829e-01
2.899999999999999800e-01 9.306715970449631614e-01
2.999999999999999889e-01 9.316518186863420592e-01
3.099999999999999978e-01 9.326357710551478331e-01
3.200000000000000067e-01 9.336229217468516861e-01
3.300000000000000155e-01 9.346128045752252200e-01
3.400000000000000244e-01 9.356054068592323247e-01
3.499999999999999778e-01 9.366004564054876136e-01
3.599999999999999867e-01 9.375963895051532271e-01
3.699999999999999956e-01 9.385952995799700105e-01
3.800000000000000044e-01 9.395940842525379866e-01
3.900000000000000133e-01 9.405942278128168743e-01
4.000000000000000222e-01 9.415947417219641125e-01
4.099999999999999756e-01 9.425955782508909087e-01
4.199999999999999845e-01 9.435967331262931079e-01
4.299999999999999933e-01 9.445985142041550819e-01
4.400000000000000022e-01 9.456048566316506143e-01
4.500000000000000111e-01 9.466194974591675138e-01
4.600000000000000200e-01 9.476441757495652762e-01
4.699999999999999734e-01 9.486870137570366790e-01
4.799999999999999822e-01 9.497499752950888663e-01
4.899999999999999911e-01 9.507754157388996763e-01
5.000000000000000000e-01 9.517598570849890027e-01
5.100000000000000089e-01 9.527057928412833165e-01
5.200000000000000178e-01 9.536153664771471750e-01
5.300000000000000266e-01 9.544960248126186375e-01
5.400000000000000355e-01 9.554006818448359528e-01
5.500000000000000444e-01 9.563251075327199313e-01
5.600000000000000533e-01 9.572611745397697769e-01
5.699999999999999512e-01 9.582062695902502369e-01
5.799999999999999600e-01 9.591566666267675734e-01
5.899999999999999689e-01 9.601090865642213368e-01
5.999999999999999778e-01 9.610634683705597814e-01
6.099999999999999867e-01 9.620195156625490629e-01
6.199999999999999956e-01 9.629774027566604389e-01
6.300000000000000044e-01 9.639368934650143217e-01
6.400000000000000133e-01 9.648981722033505015e-01
6.500000000000000222e-01 9.658614609926747807e-01
6.600000000000000311e-01 9.668268631416631065e-01
6.700000000000000400e-01 9.677941887533380028e-01
6.800000000000000488e-01 9.687634987143833865e-01
6.899999999999999467e-01 9.697347025323187486e-01
6.999999999999999556e-01 9.707077628730932384e-01
7.099999999999999645e-01 9.716826493251595753e-01
7.199999999999999734e-01 9.726592640875425522e-01
7.299999999999999822e-01 9.736375518624444947e-01
7.399999999999999911e-01 9.746174596942687174e-01
7.500000000000000000e-01 9.755988167753498752e-01
7.600000000000000089e-01 9.765814653403135370e-01
7.700000000000000178e-01 9.775652643305083878e-01
7.800000000000000266e-01 9.785500416865094975e-01
7.900000000000000355e-01 9.795355766109967721e-01
8.000000000000000444e-01 9.805216340055733504e-01
8.100000000000000533e-01 9.815079790534264603e-01
8.199999999999999512e-01 9.824943590516048708e-01
8.299999999999999600e-01 9.834805951959427750e-01
8.399999999999999689e-01 9.844663452954943716e-01
8.499999999999999778e-01 9.854512937511910042e-01
8.599999999999999867e-01 9.864352188637944829e-01
8.699999999999999956e-01 9.874179544937310427e-01
8.800000000000000044e-01 9.883995075030213018e-01
8.900000000000000133e-01 9.893793109154384036e-01
9.000000000000000222e-01 9.903574133838684013e-01
9.100000000000000311e-01 9.913336258189847650e-01
9.200000000000000400e-01 9.923077467880578872e-01
9.300000000000000488e-01 9.932794313547842480e-01
9.399999999999999467e-01 9.942487692377582897e-01
9.499999999999999556e-01 9.952154899238000452e-01
9.599999999999999645e-01 9.961794259356931969e-01
9.699999999999999734e-01 9.971401716561647532e-01
9.799999999999999822e-01 9.980975786324185473e-01
9.899999999999999911e-01 9.990511403054642692e-01
1.000000000000000000e+00 1.000000017044167411e+00
