0.000000000000000000e+00 0.000000000000000000e+00
1.000000000000000021e-02 5.301805823366256831e-01
2.000000000000000042e-02 5.317303272491358257e-01
2.999999999999999889e-02 5.333848902282871673e-01
4.000000000000000083e-02 5.351160350099387619e-01
5.000000000000000278e-02 5.369089964806472715e-01
5.999999999999999778e-02 5.387638608066301904e-01
7.000000000000000666e-02 5.406821615592424246e-01
8.000000000000000167e-02 5.426663472360440110e-01
8.999999999999999667e-02 5.447147832797132327e-01
1.000000000000000056e-01 5.468306414861295872e-01
1.100000000000000006e-01 5.490165971146346857e-01
1.199999999999999956e-01 5.512758546675849969e-01
1.300000000000000044e-01 5.536118223233963409e-01
1.400000000000000133e-01 5.560278701408832847e-01
1.499999999999999944e-01 5.585276230863303049e-01
1.600000000000000033e-01 5.611149660916575632e-01
1.700000000000000122e-01 5.637941266594806988e-01
1.799999999999999933e-01 5.665697168694943109e-01
1.900000000000000022e-01 5.694465018727495886e-01
2.000000000000000111e-01 5.724295844283155965e-01
2.099999999999999922e-01 5.755230722227686613e-01
2.200000000000000011e-01 5.787311573046932667e-01
2.300000000000000100e-01 5.820594408898757122e-01
2.399999999999999911e-01 5.855126936619921008e-01
2.500000000000000000e-01 5.890942178970496323e-01
2.600000000000000089e-01 5.928057602543923554e-01
2.700000000000000178e-01 5.966478658368858934e-01
2.800000000000000266e-01 6.006206887567562269e-01
2.899999999999999800e-01 6.047243888664038947e-01
2.999999999999999889e-01 6.089579129181964534e-01
3.099999999999999978e-01 6.133180837234911698e-01
3.200000000000000067e-01 6.178065358937119278e-01
3.300000000000000155e-01 6.224255651767619524e-01
3.400000000000000244e-01 6.271714654408527823e-01
3.499999999999999778e-01 6.320403849881647274e-01
3.599999999999999867e-01 6.370318078764941605e-01
3.699999999999999956e-01 6.421492839911591144e-01
3.800000000000000044e-01 6.474015592490418580e-01
3.900000000000000133e-01 6.527997744299907090e-01
4.000000000000000222e-01 6.583493145387131484e-01
4.099999999999999756e-01 6.640509080051584245e-01
4.199999999999999845e-01 6.699050520814734400e-01
4.299999999999999933e-01 6.759091785595201518e-01
4.400000000000000022e-01 6.820557697988026691e-01
4.500000000000000111e-01 6.883334986447625647e-01
4.600000000000000200e-01 6.947264829613698511e-01
4.699999999999999734e-01 7.011727014708108996e-01
4.799999999999999822e-01 7.073981090879731815e-01
4.899999999999999911e-01 7.133696597723641064e-01
5.000000000000000000e-01 7.191023773624100057e-01
5.100000000000000089e-01 7.246100334217301375e-01
5.200000000000000178e-01 7.299059524199654758e-01
5.300000000000000266e-01 7.350022485616600765e-01
5.400000000000000355e-01 7.399517675762784519e-01
5.500000000000000444e-01 7.450000029551440139e-01
5.600000000000000533e-01 7.501865204223930883e-01
5.699999999999999512e-01 7.555101442228963071e-01
5.799999999999999600e-01 7.609656308132088931e-01
5.899999999999999689e-01 7.665436688573712409e-01
5.999999999999999778e-01 7.722325779835926829e-01
6.099999999999999867e-01 7.780191858766424273e-01
6.199999999999999956e-01 7.838911229509843981e-01
6.300000000000000044e-01 7.898336498909391823e-01
6.400000000000000133e-01 7.958304190810099321e-01
6.500000000000000222e-01 8.018678984743107252e-01
6.600000000000000311e-01 8.079367922615146025e-01
6.700000000000000400e-01 8.140305171979443921e-01
6.800000000000000488e-01 8.201442671767957826e-01
6.899999999999999467e-01 8.262733664908128439e-01
6.999999999999999556e-01 8.324102355600888625e-01
7.099999999999999645e-01 8.385492284289993714e-01
7.199999999999999734e-01 8.446856933172801618e-01
7.299999999999999822e-01 8.508148396649493073e-01
7.399999999999999911e-01 8.569316761272736116e-01
7.500000000000000000e-01 8.630313890125619336e-01
7.600000000000000089e-01 8.691092738189082345e-01
7.700000000000000178e-01 8.751606152239655989e-01
7.800000000000000266e-01 8.811806021150864199e-01
7.900000000000000355e-01 8.871643718882848972e-01
8.000000000000000444e-01 8.931073826579079000e-01
8.100000000000000533e-01 8.990059475151188639e-01
8.199999999999999512e-01 9.048569665445167498e-01
8.299999999999999600e-01 9.106567682315054313e-01
8.399999999999999689e-01 9.164029517314271622e-01
8.499999999999999778e-01 9.220931859285992349e-01
8.599999999999999867e-01 9.277255195633741236e-01
8.699999999999999956e-01 9.332983457885777323e-01
8.800000000000000044e-01 9.388103554487694513e-01
8.900000000000000133e-01 9.442604759783095325e-01
9.000000000000000222e-01 9.496478874068727816e-01
9.100000000000000311e-01 9.549718803371705089e-01
9.200000000000000400e-01 9.602317854359995186e-01
9.300000000000000488e-01 9.654277303819953637e-01
9.399999999999999467e-01 9.705594639745442898e-01
9.499999999999999556e-01 9.756268690256651999e-01
9.599999999999999645e-01 9.806298941552349380e-01
9.699999999999999734e-01 9.855687441031136808e-01
9.799999999999999822e-01 9.904436091443170609e-01
9.899999999999999911e-01 9.952543545146778081e-01
1.000000000000000000e+00 1.000000003410140836e+00
