0.000000000000000000e+00 0.000000000000000000e+00
1.000000000000000021e-02 7.484717728257553326e-02
2.000000000000000042e-02 7.544590092226390043e-02
2.999999999999999889e-02 7.607431872633935166e-02
4.000000000000000083e-02 7.673492481585324210e-02
5.000000000000000278e-02 7.742936302411587701e-02
5.999999999999999778e-02 7.816041599075172763e-02
7.000000000000000666e-02 7.893072235797350678e-02
8.000000000000000167e-02 7.974319405093652224e-02
8.999999999999999667e-02 8.060102302340522995e-02
1.000000000000000056e-01 8.150754532209585068e-02
1.100000000000000006e-01 8.246681089527445330e-02
1.199999999999999956e-01 8.348080929195025868e-02
1.300000000000000044e-01 8.454909392930151646e-02
1.400000000000000133e-01 8.567377381847005036e-02
1.499999999999999944e-01 8.685555851556781004e-02
1.600000000000000033e-01 8.809896927997468152e-02
1.700000000000000122e-01 8.940892274648563898e-02
1.799999999999999933e-01 9.079020619495582756e-02
1.900000000000000022e-01 9.224887941916266876e-02
2.000000000000000111e-01 9.379126946849024316e-02
2.099999999999999922e-01 9.542441934046523577e-02
2.200000000000000011e-01 9.715609831811666819e-02
2.300000000000000100e-01 9.899492269868298555e-02
2.399999999999999911e-01 1.009504545083317884e-01
2.500000000000000000e-01 1.030333027170639570e-01
2.600000000000000089e-01 1.052552906429900237e-01
2.700000000000000178e-01 1.076296120513201421e-01
2.800000000000000266e-01 1.101710549086306057e-01
2.899999999999999800e-01 1.128955480437488640e-01
2.999999999999999889e-01 1.158220684671592421e-01
3.099999999999999978e-01 1.189708161632238859e-01
3.200000000000000067e-01 1.223646566049922668e-01
3.300000000000000155e-01 1.260291046963143424e-01
3.400000000000000244e-01 1.299926705757866174e-01
3.499999999999999778e-01 1.342872557744423379e-01
3.599999999999999867e-01 1.389463021029631873e-01
3.699999999999999956e-01 1.440099786387918912e-01
3.800000000000000044e-01 1.495142967880417340e-01
3.900000000000000133e-01 1.555049690094194581e-01
4.000000000000000222e-01 1.620289360028364378e-01
4.099999999999999756e-01 1.691371628015073403e-01
4.199999999999999845e-01 1.768846301499927554e-01
4.299999999999999933e-01 1.853226183618096046e-01
4.400000000000000022e-01 1.945029314078155769e-01
4.500000000000000111e-01 2.044972255124022920e-01
4.600000000000000200e-01 2.155353100323509630e-01
4.699999999999999734e-01 2.279626409548008714e-01
4.799999999999999822e-01 2.418990820460594771e-01
4.899999999999999911e-01 2.569797378673794319e-01
5.000000000000000000e-01 2.718402101765977630e-01
5.100000000000000089e-01 2.861178768141496298e-01
5.200000000000000178e-01 3.002142430959055530e-01
5.300000000000000266e-01 3.153639106288095295e-01
5.400000000000000355e-01 3.317530059940060894e-01
5.500000000000000444e-01 3.491338248557818713e-01
5.600000000000000533e-01 3.671102112725875277e-01
5.699999999999999512e-01 3.854187509287641533e-01
5.799999999999999600e-01 4.039508133143496771e-01
5.899999999999999689e-01 4.226207381682035025e-01
5.999999999999999778e-01 4.413520737089049462e-01
6.099999999999999867e-01 4.600769059853952458e-01
6.199999999999999956e-01 4.787345349768446501e-01
6.300000000000000044e-01 4.972755546576450580e-01
6.400000000000000133e-01 5.156573162792844611e-01
6.500000000000000222e-01 5.338468867158435716e-01
6.600000000000000311e-01 5.518145348075667034e-01
6.700000000000000400e-01 5.695368469154307167e-01
6.800000000000000488e-01 5.869952098789320560e-01
6.899999999999999467e-01 6.041753290139453281e-01
6.999999999999999556e-01 6.210666120086241193e-01
7.099999999999999645e-01 6.376615659584448093e-01
7.199999999999999734e-01 6.539555215630540319e-01
7.299999999999999822e-01 6.699453296747693853e-01
7.399999999999999911e-01 6.856303508752679132e-01
7.500000000000000000e-01 7.010111982307236644e-01
7.600000000000000089e-01 7.160897157396054480e-01
7.700000000000000178e-01 7.308687121267615217e-01
7.800000000000000266e-01 7.453516754425109081e-01
7.900000000000000355e-01 7.595431580940278371e-01
8.000000000000000444e-01 7.734477775286335843e-01
8.100000000000000533e-01 7.870706862552040439e-01
8.199999999999999512e-01 8.004173273433330404e-01
8.299999999999999600e-01 8.134933524943516181e-01
8.399999999999999689e-01 8.263045665425883257e-01
8.499999999999999778e-01 8.388568702655989640e-01
8.599999999999999867e-01 8.511562052407393164e-01
8.699999999999999956e-01 8.632084847235683700e-01
8.800000000000000044e-01 8.750200959130803868e-01
8.900000000000000133e-01 8.865969975622096655e-01
9.000000000000000222e-01 8.979452912426282296e-01
9.100000000000000311e-01 9.090704311245040303e-01
9.200000000000000400e-01 9.199776704038937769e-01
9.300000000000000488e-01 9.306722022607938349e-01
9.399999999999999467e-01 9.411591665221075154e-01
9.499999999999999556e-01 9.514436315057704929e-01
9.599999999999999645e-01 9.615306088291681874e-01
9.699999999999999734e-01 9.714249715559928333e-01
9.799999999999999822e-01 9.811315220597328635e-01
9.899999999999999911e-01 9.906549992085403877e-01
1.000000000000000000e+00 1.000000005038202078e+00
