0.000000000000000000e+00 0.000000000000000000e+00
1.000000000000000021e-02 2.801637070284357378e-01
2.000000000000000042e-02 2.813662775196928978e-01
2.999999999999999889e-02 2.826474325645043639e-01
4.000000000000000083e-02 2.839979449267365785e-01
5.000000000000000278e-02 2.854190841553022606e-01
5.999999999999999778e-02 2.869091520231616954e-01
7.000000000000000666e-02 2.884719962434964535e-01
8.000000000000000167e-02 2.901126739687457379e-01
8.999999999999999667e-02 2.918336071388475395e-01
1.000000000000000056e-01 2.936394176011666857e-01
1.100000000000000006e-01 2.955343264024586913e-01
1.199999999999999956e-01 2.975215309110307849e-01
1.300000000000000044e-01 2.996075262913739379e-01
1.400000000000000133e-01 3.017977040143524081e-01
1.499999999999999944e-01 3.040974974853629664e-01
1.600000000000000033e-01 3.065127820340771692e-01
1.700000000000000122e-01 3.090500494015304689e-01
1.799999999999999933e-01 3.117163448595031694e-01
1.900000000000000022e-01 3.145192605094965232e-01
2.000000000000000111e-01 3.174668878692163410e-01
2.099999999999999922e-01 3.205674220822398723e-01
2.200000000000000011e-01 3.238300248720702434e-01
2.300000000000000100e-01 3.272650825277888531e-01
2.399999999999999911e-01 3.308827741122055133e-01
2.500000000000000000e-01 3.346922079042818909e-01
2.600000000000000089e-01 3.387027263285548040e-01
2.700000000000000178e-01 3.429233673831352247e-01
2.800000000000000266e-01 3.473620392036306792e-01
2.899999999999999800e-01 3.520257640230201046e-01
2.999999999999999889e-01 3.569212294590536905e-01
3.099999999999999978e-01 3.620558335315580134e-01
3.200000000000000067e-01 3.674362794826755985e-01
3.300000000000000155e-01 3.730706963373928153e-01
3.400000000000000244e-01 3.789649929941786843e-01
3.499999999999999778e-01 3.851249826749624239e-01
3.599999999999999867e-01 3.915587929756630947e-01
3.699999999999999956e-01 3.982778629446737662e-01
3.800000000000000044e-01 4.052917508385908696e-01
3.900000000000000133e-01 4.126142611039812502e-01
4.000000000000000222e-01 4.202538316715503930e-01
4.099999999999999756e-01 4.282207591737473562e-01
4.199999999999999845e-01 4.365254905352758952e-01
4.299999999999999933e-01 4.451775959739394106e-01
4.400000000000000022e-01 4.541842700695332136e-01
4.500000000000000111e-01 4.635452273129124778e-01
4.600000000000000200e-01 4.732537554600126928e-01
4.699999999999999734e-01 4.832896518337934655e-01
4.799999999999999822e-01 4.936296527434432813e-01
4.899999999999999911e-01 5.039608236447330469e-01
5.000000000000000000e-01 5.138817389806410452e-01
5.100000000000000089e-01 5.234133223756259889e-01
5.200000000000000178e-01 5.325818880995623061e-01
5.300000000000000266e-01 5.417857404058333826e-01
5.400000000000000355e-01 5.512909118492141936e-01
5.500000000000000444e-01 5.610832397012448514e-01
5.600000000000000533e-01 5.711452739999373085e-01
5.699999999999999512e-01 5.814504579381493121e-01
5.799999999999999600e-01 5.919666561484118184e-01
5.899999999999999689e-01 6.026618743112138743e-01
5.999999999999999778e-01 6.135025316262396888e-01
6.099999999999999867e-01 6.244582602610148081e-01
6.199999999999999956e-01 6.355013803286148066e-01
6.300000000000000044e-01 6.466077065846120853e-01
6.400000000000000133e-01 6.577518009384254460e-01
6.500000000000000222e-01 6.689136161782465173e-01
6.600000000000000311e-01 6.800728631284218562e-01
6.700000000000000400e-01 6.912134956720819012e-01
6.800000000000000488e-01 7.023231851366136258e-01
6.899999999999999467e-01 7.133876166040585831e-01
6.999999999999999556e-01 7.243950953251737657e-01
7.099999999999999645e-01 7.353347142312857132e-01
7.199999999999999734e-01 7.461966590432066448e-01
7.299999999999999822e-01 7.569720118856926305e-01
7.399999999999999911e-01 7.676522424509232279e-01
7.500000000000000000e-01 7.782306618535358433e-01
7.600000000000000089e-01 7.886997727970891381e-01
7.700000000000000178e-01 7.990531800054642142e-01
7.800000000000000266e-01 8.092857464236653531e-01
7.900000000000000355e-01 8.193915357599799165e-01
8.000000000000000444e-01 8.293668131415149469e-01
8.100000000000000533e-01 8.392082747484758132e-01
8.199999999999999512e-01 8.489133603872156542e-01
8.299999999999999600e-01 8.584801747435794050e-01
8.399999999999999689e-01 8.679072493187554027e-01
8.499999999999999778e-01 8.771937252346624359e-01
8.599999999999999867e-01 8.863391965081910406e-01
8.699999999999999956e-01 8.953436893929185292e-01
8.800000000000000044e-01 9.042075329458375554e-01
8.900000000000000133e-01 9.129312895835782760e-01
9.000000000000000222e-01 9.215157290173164872e-01
9.100000000000000311e-01 9.299616037319659023e-01
9.200000000000000400e-01 9.382707071988776182e-01
9.300000000000000488e-01 9.464442242579854669e-01
9.399999999999999467e-01 9.544836142703136961e-01
9.499999999999999556e-01 9.623905218723198818e-01
9.599999999999999645e-01 9.701666751075481709e-01
9.699999999999999734e-01 9.778139090975177528e-01
9.799999999999999822e-01 9.853340799073722067e-01
9.899999999999999911e-01 9.927289918541323255e-01
1.000000000000000000e+00 1.000000003507057311e+00
