0.000000000000000000e+00 0.000000000000000000e+00
1.000000000000000021e-02 6.459532094429509819e-01
2.000000000000000042e-02 6.474085857001682376e-01
2.999999999999999889e-02 6.489542674396960864e-01
4.000000000000000083e-02 6.505830606968854291e-01
5.000000000000000278e-02 6.522948706835862698e-01
5.999999999999999778e-02 6.540872675876598930e-01
7.000000000000000666e-02 6.559525134133935564e-01
8.000000000000000167e-02 6.578789047480229080e-01
8.999999999999999667e-02 6.598575680214201489e-01
1.000000000000000056e-01 6.618877820280866242e-01
1.100000000000000006e-01 6.639707451141446670e-01
1.199999999999999956e-01 6.661082648494502934e-01
1.300000000000000044e-01 6.683023023235380444e-01
1.400000000000000133e-01 6.705550315071449052e-01
1.499999999999999944e-01 6.728696046190885127e-01
1.600000000000000033e-01 6.752462653713361407e-01
1.700000000000000122e-01 6.776899197792157770e-01
1.799999999999999933e-01 6.802020127653152226e-01
1.900000000000000022e-01 6.827852517611578964e-01
2.000000000000000111e-01 6.854428616594787638e-01
2.099999999999999922e-01 6.881776875473110122e-01
2.200000000000000011e-01 6.909919679089588929e-01
2.300000000000000100e-01 6.938878806943502564e-01
2.399999999999999911e-01 6.968661764933938851e-01
2.500000000000000000e-01 6.999274622775544241e-01
2.600000000000000089e-01 7.030712399745433494e-01
2.700000000000000178e-01 7.062962539145424268e-01
2.800000000000000266e-01 7.096010342723200193e-01
2.899999999999999800e-01 7.129835151711348962e-01
2.999999999999999889e-01 7.164418810691144390e-01
3.099999999999999978e-01 7.199729528156809666e-01
3.200000000000000067e-01 7.235735889238309460e-01
3.300000000000000155e-01 7.272424104632948527e-01
3.400000000000000244e-01 7.309795455096406158e-01
3.499999999999999778e-01 7.347807203639207252e-01
3.599999999999999867e-01 7.386437030472770005e-01
3.699999999999999956e-01 7.425681019774800218e-01
3.800000000000000044e-01 7.465582773322936294e-01
3.900000000000000133e-01 7.506255033391044940e-01
4.000000000000000222e-01 7.547796323991081691e-01
4.099999999999999756e-01 7.590213849788375322e-01
4.199999999999999845e-01 7.633517736716861624e-01
4.299999999999999933e-01 7.677719943821239568e-01
4.400000000000000022e-01 7.722819280321890911e-01
4.500000000000000111e-01 7.768746822090852877e-01
4.600000000000000200e-01 7.815410783600373890e-01
4.699999999999999734e-01 7.861839975327971075e-01
4.799999999999999822e-01 7.906384417298027989e-01
4.899999999999999911e-01 7.949111433416771177e-01
5.000000000000000000e-01 7.990128333370640767e-01
5.100000000000000089e-01 8.029537991559377863e-01
5.200000000000000178e-01 8.067432845511630646e-01
5.300000000000000266e-01 8.103895001859316993e-01
5.400000000000000355e-01 8.139055032462665373e-01
5.500000000000000444e-01 8.174428451178894495e-01
5.600000000000000533e-01 8.210785120936821002e-01
5.699999999999999512e-01 8.248103104825387222e-01
5.799999999999999600e-01 8.286339323589561046e-01
5.899999999999999689e-01 8.325406536020937276e-01
5.999999999999999778e-01 8.365197008990135075e-01
6.099999999999999867e-01 8.405639007886562819e-01
6.199999999999999956e-01 8.446648675494955461e-01
6.300000000000000044e-01 8.488096082011886701e-01
6.400000000000000133e-01 8.529872715189182886e-01
6.500000000000000222e-01 8.571897197197549945e-01
6.600000000000000311e-01 8.614137344559567033e-01
6.700000000000000400e-01 8.656567498542534489e-01
6.800000000000000488e-01 8.699170964300798614e-01
6.899999999999999467e-01 8.741904878127102485e-01
6.999999999999999556e-01 8.784749231316045792e-01
7.099999999999999645e-01 8.827678190019807580e-01
7.199999999999999734e-01 8.870669989107705655e-01
7.299999999999999822e-01 8.913698284414534045e-01
7.399999999999999911e-01 8.956736717141768889e-01
7.500000000000000000e-01 8.999758246270409545e-01
7.600000000000000089e-01 9.042735311469947135e-01
7.700000000000000178e-01 9.085639098998428143e-01
7.800000000000000266e-01 9.128439369886445220e-01
7.900000000000000355e-01 9.171105549869922324e-01
8.000000000000000444e-01 9.213607394911180748e-01
8.100000000000000533e-01 9.255916195334703556e-01
8.199999999999999512e-01 9.298007032591264487e-01
8.299999999999999600e-01 9.339848392844478653e-01
8.399999999999999689e-01 9.381422401424057700e-01
8.499999999999999778e-01 9.422710260042441721e-01
8.599999999999999867e-01 9.463694765735732872e-01
8.699999999999999956e-01 9.504360180545141645e-01
8.800000000000000044e-01 9.544693277086724326e-01
8.900000000000000133e-01 9.584683080762806950e-01
9.000000000000000222e-01 9.624320251313006613e-01
9.100000000000000311e-01 9.663596669661497218e-01
9.200000000000000400e-01 9.702503134842753729e-01
9.300000000000000488e-01 9.741039665710248263e-01
9.399999999999999467e-01 9.779205710912877159e-01
9.499999999999999556e-01 9.816998310557600860e-01
9.599999999999999645e-01 9.854410217775984027e-01
9.699999999999999734e-01 9.891430790903272818e-01
9.799999999999999822e-01 9.928043639049445312e-01
9.899999999999999911e-01 9.964237718505097874e-01
1.000000000000000000e+00 1.000000031788693011e+00
