0.000000000000000000e+00 0.000000000000000000e+00
1.000000000000000021e-02 1.564730341235733904e-07
2.000000000000000042e-02 1.368700785310656489e-07
2.999999999999999889e-02 8.794194222956743438e-09
4.000000000000000083e-02 8.166318782966237754e-09
5.000000000000000278e-02 5.901078149339686828e-09
5.999999999999999778e-02 9.229481237317734517e-09
7.000000000000000666e-02 3.344209930716250680e-08
8.000000000000000167e-02 1.305567387108766178e-08
8.999999999999999667e-02 8.035009379495177128e-08
1.000000000000000056e-01 8.096419865676234796e-08
1.100000000000000006e-01 1.981401407479050365e-08
1.199999999999999956e-01 2.573806400569002569e-08
1.300000000000000044e-01 2.923871211153102398e-08
1.400000000000000133e-01 3.343346974806743711e-08
1.499999999999999944e-01 3.852874353987116074e-08
1.600000000000000033e-01 4.971783711692203242e-08
1.700000000000000122e-01 5.948409136126929722e-08
1.799999999999999933e-01 6.603847000820286202e-08
1.900000000000000022e-01 7.757556032972992645e-08
2.000000000000000111e-01 8.681449498898869873e-08
2.099999999999999922e-01 1.008170448339074268e-07
2.200000000000000011e-01 1.160878317003062698e-07
2.300000000000000100e-01 1.290383363740228513e-07
2.399999999999999911e-01 1.463998525597226867e-07
2.500000000000000000e-01 1.653398078736241817e-07
2.600000000000000089e-01 1.896508469525091750e-07
2.700000000000000178e-01 2.198674656635767666e-07
2.800000000000000266e-01 2.515185984721561906e-07
2.899999999999999800e-01 2.951632682290136745e-07
2.999999999999999889e-01 3.390932548735077025e-07
3.099999999999999978e-01 3.890958247416924912e-07
3.200000000000000067e-01 5.645379367810284097e-08
3.300000000000000155e-01 4.371452664596213456e-08
3.400000000000000244e-01 6.216414011206758573e-08
3.499999999999999778e-01 6.362061187595413563e-08
3.599999999999999867e-01 5.965904797794121773e-08
3.699999999999999956e-01 6.988144420835709326e-08
3.800000000000000044e-01 8.447023687439892457e-08
3.900000000000000133e-01 8.179637548526849458e-08
4.000000000000000222e-01 1.034038297784798237e-07
4.099999999999999756e-01 7.964345179400483542e-08
4.199999999999999845e-01 6.254114371092488385e-08
4.299999999999999933e-01 3.021030738754788039e-08
4.400000000000000022e-01 5.127033948801642523e-08
4.500000000000000111e-01 8.445975557054674348e-08
4.600000000000000200e-01 1.263260454329273010e-08
4.699999999999999734e-01 3.804835634781997003e-08
4.799999999999999822e-01 6.996197809690035840e-08
4.899999999999999911e-01 1.603317681612942520e-08
5.000000000000000000e-01 4.364740585575122012e-04
5.100000000000000089e-01 3.921575353562362087e-02
5.200000000000000178e-01 7.692313567812066044e-02
5.300000000000000266e-01 1.132075682953049139e-01
5.400000000000000355e-01 1.481481952723739948e-01
5.500000000000000444e-01 1.818181931394994844e-01
5.600000000000000533e-01 2.142857586854732266e-01
5.699999999999999512e-01 2.456140808228363115e-01
5.799999999999999600e-01 2.758620951460079573e-01
5.899999999999999689e-01 3.050847603521957274e-01
5.999999999999999778e-01 3.333333492233408468e-01
6.099999999999999867e-01 3.606557466337242390e-01
6.199999999999999956e-01 3.870968341642163080e-01
6.300000000000000044e-01 4.126984577745527183e-01
6.400000000000000133e-01 4.375000309979903967e-01
6.500000000000000222e-01 4.615384865174382290e-01
6.600000000000000311e-01 4.848485022958901602e-01
6.700000000000000400e-01 5.074626991066930604e-01
6.800000000000000488e-01 5.294117732503322848e-01
6.899999999999999467e-01 5.507246448062165234e-01
6.999999999999999556e-01 5.714285755589623150e-01
7.099999999999999645e-01 5.915493211063271861e-01
7.199999999999999734e-01 6.111111303932925676e-01
7.299999999999999822e-01 6.301370010474871552e-01
7.399999999999999911e-01 6.486486592076979862e-01
7.500000000000000000e-01 6.666666750473503322e-01
7.600000000000000089e-01 6.842105322674697510e-01
7.700000000000000178e-01 7.012987059356610153e-01
7.800000000000000266e-01 7.179487217063316162e-01
7.900000000000000355e-01 7.341772187310611208e-01
8.000000000000000444e-01 7.500000036431325734e-01
8.100000000000000533e-01 7.654321011186770995e-01
8.199999999999999512e-01 7.804878054736251736e-01
8.299999999999999600e-01 7.951807316134531511e-01
8.399999999999999689e-01 8.095238093428928083e-01
8.499999999999999778e-01 8.235294106374703160e-01
8.599999999999999867e-01 8.372093009247262296e-01
8.699999999999999956e-01 8.505747108698342718e-01
8.800000000000000044e-01 8.636363618338035453e-01
8.900000000000000133e-01 8.764044923882483573e-01
9.000000000000000222e-01 8.888888867617305012e-01
9.100000000000000311e-01 9.010988984374618260e-01
9.200000000000000400e-01 9.130434757104300969e-01
9.300000000000000488e-01 9.247311796212792645e-01
9.399999999999999467e-01 9.361702106238724008e-01
9.499999999999999556e-01 9.473684188588070709e-01
9.599999999999999645e-01 9.583333313338100456e-01
9.699999999999999734e-01 9.690721630557799227e-01
9.799999999999999822e-01 9.795918342482898833e-01
9.899999999999999911e-01 9.898989881281441416e-01
1.000000000000000000e+00 9.999999515693149821e-01
