0.000000000000000000e+00 0.000000000000000000e+00
1.000000000000000021e-02 1.451172174131917791e-01
2.000000000000000042e-02 1.459907777903141080e-01
2.999999999999999889e-02 1.469225506456321440e-01
4.000000000000000083e-02 1.479194453821004729e-01
5.000000000000000278e-02 1.489763697225138239e-01
5.999999999999999778e-02 1.500999906966807851e-01
7.000000000000000666e-02 1.512922828424281274e-01
8.000000000000000167e-02 1.525563545135151244e-01
8.999999999999999667e-02 1.538987491577295252e-01
1.000000000000000056e-01 1.553210761379837657e-01
1.100000000000000006e-01 1.568204581492857463e-01
1.199999999999999956e-01 1.584018288447095746e-01
1.300000000000000044e-01 1.600685917222296195e-01
1.400000000000000133e-01 1.618217146697353559e-01
1.499999999999999944e-01 1.636670787005647110e-01
1.600000000000000033e-01 1.656107325101610905e-01
1.700000000000000122e-01 1.676595888664620115e-01
1.799999999999999933e-01 1.698207010842906206e-01
1.900000000000000022e-01 1.721022639476404159e-01
2.000000000000000111e-01 1.745126922196575669e-01
2.099999999999999922e-01 1.770611387621044419e-01
2.200000000000000011e-01 1.797574342877500952e-01
2.300000000000000100e-01 1.826121278515639157e-01
2.399999999999999911e-01 1.856365242812181848e-01
2.500000000000000000e-01 1.888427052633568914e-01
2.600000000000000089e-01 1.922436057910409390e-01
2.700000000000000178e-01 1.958530072016904100e-01
2.800000000000000266e-01 1.996731494899677273e-01
2.899999999999999800e-01 2.037114885418263022e-01
2.999999999999999889e-01 2.079836929274364310e-01
3.099999999999999978e-01 2.125061811534018907e-01
3.200000000000000067e-01 2.172970222762415082e-01
3.300000000000000155e-01 2.223730301536328280e-01
3.400000000000000244e-01 2.277552665231439288e-01
3.499999999999999778e-01 2.334631158541197460e-01
3.599999999999999867e-01 2.395169201505113199e-01
3.699999999999999956e-01 2.459373191371228562e-01
3.800000000000000044e-01 2.527450108669452855e-01
3.900000000000000133e-01 2.599610656083907734e-01
4.000000000000000222e-01 2.676038746816485348e-01
4.099999999999999756e-01 2.756899236740885106e-01
4.199999999999999845e-01 2.842410778918423309e-01
4.299999999999999933e-01 2.933214233219415545e-01
4.400000000000000022e-01 3.029807578119060318e-01
4.500000000000000111e-01 3.132730941244868395e-01
4.600000000000000200e-01 3.242488868744886066e-01
4.699999999999999734e-01 3.359462984052317136e-01
4.799999999999999822e-01 3.483892575061595109e-01
4.899999999999999911e-01 3.614716808280714067e-01
5.000000000000000000e-01 3.742422873040139319e-01
5.100000000000000089e-01 3.865120164803534375e-01
5.200000000000000178e-01 3.985128145763522922e-01
5.300000000000000266e-01 4.111218613831664759e-01
5.400000000000000355e-01 4.243600412771018626e-01
5.500000000000000444e-01 4.381322269727893071e-01
5.600000000000000533e-01 4.523417163380143990e-01
5.699999999999999512e-01 4.668912489381674691e-01
5.799999999999999600e-01 4.816917464045102348e-01
5.899999999999999689e-01 4.966659028475455262e-01
5.999999999999999778e-01 5.117359187823872224e-01
6.099999999999999867e-01 5.268603533369493608e-01
6.199999999999999956e-01 5.420050013445668613e-01
6.300000000000000044e-01 5.571377803030085341e-01
6.400000000000000133e-01 5.722284155157989494e-01
6.500000000000000222e-01 5.872494359563326105e-01
6.600000000000000311e-01 6.021770029011216385e-01
6.700000000000000400e-01 6.169897228150672541e-01
6.800000000000000488e-01 6.316688997895716362e-01
6.899999999999999467e-01 6.461983787497621590e-01
6.999999999999999556e-01 6.605646106143154839e-01
7.099999999999999645e-01 6.747555071245201486e-01
7.199999999999999734e-01 6.887616997997083601e-01
7.299999999999999822e-01 7.025757173470328354e-01
7.399999999999999911e-01 7.161936724843204205e-01
7.500000000000000000e-01 7.296142851378449867e-01
7.600000000000000089e-01 7.428326059027811068e-01
7.700000000000000178e-01 7.558451903598294441e-01
7.800000000000000266e-01 7.686495387000189528e-01
7.900000000000000355e-01 7.812442233374782274e-01
8.000000000000000444e-01 7.936282504126864756e-01
8.100000000000000533e-01 8.058018290807977824e-01
8.199999999999999512e-01 8.177655980355055254e-01
8.299999999999999600e-01 8.295206185272858690e-01
8.399999999999999689e-01 8.410687101590991199e-01
8.499999999999999778e-01 8.524118386504442313e-01
8.599999999999999867e-01 8.635523878127150388e-01
8.699999999999999956e-01 8.744929685529985175e-01
8.800000000000000044e-01 8.852366094816184194e-01
8.900000000000000133e-01 8.957868095545871157e-01
9.000000000000000222e-01 9.061468027847954243e-01
9.100000000000000311e-01 9.163197133911044068e-01
9.200000000000000400e-01 9.263093200905637703e-01
9.300000000000000488e-01 9.361187405577018339e-01
9.399999999999999467e-01 9.457510258672108261e-01
9.499999999999999556e-01 9.552094641816661902e-01
9.599999999999999645e-01 9.644966106342505174e-01
9.699999999999999734e-01 9.736163698819179091e-01
9.799999999999999822e-01 9.825713521849640530e-01
9.899999999999999911e-01 9.913649033361110474e-01
1.000000000000000000e+00 1.000000004623564642e+00
