0.000000000000000000e+00 0.000000000000000000e+00
1.000000000000000021e-02 7.555017657182028223e-01
2.000000000000000042e-02 7.567706313881955582e-01
2.999999999999999889e-02 7.581052076217658087e-01
4.000000000000000083e-02 7.595055548991660466e-01
5.000000000000000278e-02 7.609685352755357624e-01
5.999999999999999778e-02 7.624964957280757627e-01
7.000000000000000666e-02 7.640832541920818954e-01
8.000000000000000167e-02 7.657235905989844271e-01
8.999999999999999667e-02 7.674110783626990617e-01
1.000000000000000056e-01 7.691409152441741615e-01
1.100000000000000006e-01 7.709081130638718582e-01
1.199999999999999956e-01 7.727103468286057320e-01
1.300000000000000044e-01 7.745473101699121843e-01
1.400000000000000133e-01 7.764193200948811269e-01
1.499999999999999944e-01 7.783272069400575255e-01
1.600000000000000033e-01 7.802720545576162792e-01
1.700000000000000122e-01 7.822546905811741391e-01
1.799999999999999933e-01 7.842758255800432732e-01
1.900000000000000022e-01 7.863367182715542691e-01
2.000000000000000111e-01 7.884390018080030815e-01
2.099999999999999922e-01 7.905836937619471483e-01
2.200000000000000011e-01 7.927716198831480376e-01
2.300000000000000100e-01 7.950029088821098933e-01
2.399999999999999911e-01 7.972772161719372530e-01
2.500000000000000000e-01 7.995935513684910845e-01
2.600000000000000089e-01 8.019509393358033034e-01
2.700000000000000178e-01 8.043480369540364494e-01
2.800000000000000266e-01 8.067836651445827734e-01
2.899999999999999800e-01 8.092560878822839809e-01
2.999999999999999889e-01 8.117632180546543452e-01
3.099999999999999978e-01 8.143028799244710347e-01
3.200000000000000067e-01 8.168726596027955367e-01
3.300000000000000155e-01 8.194697765358099906e-01
3.400000000000000244e-01 8.220928613345745983e-01
3.499999999999999778e-01 8.247398964519158104e-01
3.599999999999999867e-01 8.274121202524324925e-01
3.699999999999999956e-01 8.301069528460695013e-01
3.800000000000000044e-01 8.328223536346657241e-01
3.900000000000000133e-01 8.355637053125505309e-01
4.000000000000000222e-01 8.383382528675676904e-01
4.099999999999999756e-01 8.411541325357304588e-01
4.199999999999999845e-01 8.440155217645142205e-01
4.299999999999999933e-01 8.469191843852658108e-01
4.400000000000000022e-01 8.498718125293138748e-01
4.500000000000000111e-01 8.528796723279576941e-01
4.600000000000000200e-01 8.559426888808423506e-01
4.699999999999999734e-01 8.590020529941800875e-01
4.799999999999999822e-01 8.619394815643148799e-01
4.899999999999999911e-01 8.647570403243727277e-01
5.000000000000000000e-01 8.674619235663926231e-01
5.100000000000000089e-01 8.700607732142640049e-01
5.200000000000000178e-01 8.725595211524490580e-01
5.300000000000000266e-01 8.749641339045790556e-01
5.400000000000000355e-01 8.772846376140347457e-01
5.500000000000000444e-01 8.796288466071509049e-01
5.600000000000000533e-01 8.820419891881140506e-01
5.699999999999999512e-01 8.845182069101602540e-01
5.799999999999999600e-01 8.870456934327765053e-01
5.899999999999999689e-01 8.896155592853323135e-01
5.999999999999999778e-01 8.922255805591211564e-01
6.099999999999999867e-01 8.948687063555426091e-01
6.199999999999999956e-01 8.975364319784014944e-01
6.300000000000000044e-01 9.002217112863359905e-01
6.400000000000000133e-01 9.029195324776516651e-01
6.500000000000000222e-01 9.056294180793807991e-01
6.600000000000000311e-01 9.083506893420761896e-01
6.700000000000000400e-01 9.110821974542679946e-01
6.800000000000000488e-01 9.138224700369185216e-01
6.899999999999999467e-01 9.165709322041116769e-01
6.999999999999999556e-01 9.193271968485897672e-01
7.099999999999999645e-01 9.220906215503676950e-01
7.199999999999999734e-01 9.248604020061469422e-01
7.299999999999999822e-01 9.276356273335436553e-01
7.399999999999999911e-01 9.304151817883509201e-01
7.500000000000000000e-01 9.331978196931238756e-01
7.600000000000000089e-01 9.359822088056370948e-01
7.700000000000000178e-01 9.387670292480194689e-01
7.800000000000000266e-01 9.415509139827099583e-01
7.900000000000000355e-01 9.443323210267827728e-01
8.000000000000000444e-01 9.471096851584572818e-01
8.100000000000000533e-01 9.498814098131319605e-01
8.199999999999999512e-01 9.526461319269031724e-01
8.299999999999999600e-01 9.554016851392344023e-01
8.399999999999999689e-01 9.581471430426898861e-01
8.499999999999999778e-01 9.608813484591208764e-01
8.599999999999999867e-01 9.636031991245544992e-01
8.699999999999999956e-01 9.663116971373757469e-01
8.800000000000000044e-01 9.690059764534257880e-01
8.900000000000000133e-01 9.716853125891781184e-01
9.000000000000000222e-01 9.743490635420126722e-01
9.100000000000000311e-01 9.769966812233873421e-01
9.200000000000000400e-01 9.796281354150765397e-01
9.300000000000000488e-01 9.822428631226145512e-01
9.399999999999999467e-01 9.848402572248181608e-01
9.499999999999999556e-01 9.874194975643291183e-01
9.599999999999999645e-01 9.899794679178016699e-01
9.699999999999999734e-01 9.925189318633533819e-01
9.799999999999999822e-01 9.950362468670476135e-01
9.899999999999999911e-01 9.975304535763690472e-01
1.000000000000000000e+00 1.000000021939771777e+00
