0.000000000000000000e+00 0.000000000000000000e+00
1.000000000000000021e-02 7.015448384269040716e-01
2.000000000000000042e-02 7.029202071301088317e-01
2.999999999999999889e-02 7.043731236592742917e-01
4.000000000000000083e-02 7.059026319958596751e-01
5.000000000000000278e-02 7.075053185077584406e-01
5.999999999999999778e-02 7.091837381879101398e-01
7.000000000000000666e-02 7.109327222886857589e-01
8.000000000000000167e-02 7.127430352576846762e-01
8.999999999999999667e-02 7.146059946673438690e-01
1.000000000000000056e-01 7.165163813998792763e-01
1.100000000000000006e-01 7.184711179593699093e-01
1.199999999999999956e-01 7.204705238359764286e-01
1.300000000000000044e-01 7.225153923198432970e-01
1.400000000000000133e-01 7.246070596985422219e-01
1.499999999999999944e-01 7.267471297091614435e-01
1.600000000000000033e-01 7.289373711611573103e-01
1.700000000000000122e-01 7.311793305904250584e-01
1.799999999999999933e-01 7.334746023149528726e-01
1.900000000000000022e-01 7.358250699049375676e-01
2.000000000000000111e-01 7.382328941430998936e-01
2.099999999999999922e-01 7.407001194574434066e-01
2.200000000000000011e-01 7.432281644826576050e-01
2.300000000000000100e-01 7.458179497923390633e-01
2.399999999999999911e-01 7.484697525413257502e-01
2.500000000000000000e-01 7.511830372787575705e-01
2.600000000000000089e-01 7.539566968855087037e-01
2.700000000000000178e-01 7.567894140483154564e-01
2.800000000000000266e-01 7.596794518390914686e-01
2.899999999999999800e-01 7.626249723458558005e-01
2.999999999999999889e-01 7.656235335594355762e-01
3.099999999999999978e-01 7.686725481673182259e-01
3.200000000000000067e-01 7.717689222717221131e-01
3.300000000000000155e-01 7.749102359502327841e-01
3.400000000000000244e-01 7.780955226460892771e-01
3.499999999999999778e-01 7.813227926515817767e-01
3.599999999999999867e-01 7.845914955057240459e-01
3.699999999999999956e-01 7.878971185890130124e-01
3.800000000000000044e-01 7.912437443825210970e-01
3.900000000000000133e-01 7.946387674900887710e-01
4.000000000000000222e-01 7.980918264961107678e-01
4.099999999999999756e-01 8.016096993083409172e-01
4.199999999999999845e-01 8.051902191828562705e-01
4.299999999999999933e-01 8.088350189560232772e-01
4.400000000000000022e-01 8.125495989413785702e-01
4.500000000000000111e-01 8.163327106764686203e-01
4.600000000000000200e-01 8.201776484114265964e-01
4.699999999999999734e-01 8.240007344254937083e-01
4.799999999999999822e-01 8.276675646791467056e-01
4.899999999999999911e-01 8.311845511219956295e-01
5.000000000000000000e-01 8.345607098654336253e-01
5.100000000000000089e-01 8.378046695902928720e-01
5.200000000000000178e-01 8.409238425664418148e-01
5.300000000000000266e-01 8.439251830595174697e-01
5.400000000000000355e-01 8.468187262951999417e-01
5.500000000000000444e-01 8.497267620295840818e-01
5.600000000000000533e-01 8.527174555509227094e-01
5.699999999999999512e-01 8.557876911893945726e-01
5.799999999999999600e-01 8.589307726315270619e-01
5.899999999999999689e-01 8.621355200353051362e-01
5.999999999999999778e-01 8.653945444772241924e-01
6.099999999999999867e-01 8.687035600277535075e-01
6.199999999999999956e-01 8.720527545506121525e-01
6.300000000000000044e-01 8.754318430160282771e-01
6.400000000000000133e-01 8.788329716063757457e-01
6.500000000000000222e-01 8.822508717326007499e-01
6.600000000000000311e-01 8.856852338862620799e-01
6.700000000000000400e-01 8.891347071535659063e-01
6.800000000000000488e-01 8.925971018898589682e-01
6.899999999999999467e-01 8.960702182622711787e-01
6.999999999999999556e-01 8.995529256383769656e-01
7.099999999999999645e-01 9.030439732999260283e-01
7.199999999999999734e-01 9.065419665869536292e-01
7.299999999999999822e-01 9.100453245948187941e-01
7.399999999999999911e-01 9.135522889086007403e-01
7.500000000000000000e-01 9.170609544215612141e-01
7.600000000000000089e-01 9.205693598277966405e-01
7.700000000000000178e-01 9.240754703594794561e-01
7.800000000000000266e-01 9.275771538478875256e-01
7.900000000000000355e-01 9.310721666712683531e-01
8.000000000000000444e-01 9.345582176063488289e-01
8.100000000000000533e-01 9.380330388180405654e-01
8.199999999999999512e-01 9.414946819705972691e-01
8.299999999999999600e-01 9.449404891632251502e-01
8.399999999999999689e-01 9.483690877972873468e-01
8.499999999999999778e-01 9.517789614495105743e-01
8.599999999999999867e-01 9.551686413116154961e-01
8.699999999999999956e-01 9.585368056518148716e-01
8.800000000000000044e-01 9.618825761331389890e-01
8.900000000000000133e-01 9.652043283601510204e-01
9.000000000000000222e-01 9.685018276047336894e-01
9.100000000000000311e-01 9.717743639370033382e-01
9.200000000000000400e-01 9.750210890310673228e-01
9.300000000000000488e-01 9.782422750520355370e-01
9.399999999999999467e-01 9.814373584091897751e-01
9.499999999999999556e-01 9.846056725802201370e-01
9.599999999999999645e-01 9.877460316533404061e-01
9.699999999999999734e-01 9.908571016347478277e-01
9.799999999999999822e-01 9.939372514936559710e-01
9.899999999999999911e-01 9.969854569513423304e-01
1.000000000000000000e+00 1.000000024843218593e+00
