0.000000000000000000e+00 0.000000000000000000e+00
1.000000000000000021e-02 5.888115330114740420e-01
2.000000000000000042e-02 5.903243104556504806e-01
2.999999999999999889e-02 5.919371795428896021e-01
4.000000000000000083e-02 5.936406210268904138e-01
5.000000000000000278e-02 5.954285533802694541e-01
5.999999999999999778e-02 5.972877407369691083e-01
7.000000000000000666e-02 5.992084536945154749e-01
8.000000000000000167e-02 6.011875197941447535e-01
8.999999999999999667e-02 6.032235561770916688e-01
1.000000000000000056e-01 6.053190887359011230e-01
1.100000000000000006e-01 6.074766389549386414e-01
1.199999999999999956e-01 6.096987265434584691e-01
1.300000000000000044e-01 6.119880244509601219e-01
1.400000000000000133e-01 6.143473334052834689e-01
1.499999999999999944e-01 6.167796947769051963e-01
1.600000000000000033e-01 6.192883872423462499e-01
1.700000000000000122e-01 6.218769254895133436e-01
1.799999999999999933e-01 6.245487017572052268e-01
1.900000000000000022e-01 6.273072483395328858e-01
2.000000000000000111e-01 6.301567831037940826e-01
2.099999999999999922e-01 6.331008726952565002e-01
2.200000000000000011e-01 6.361423747487949809e-01
2.300000000000000100e-01 6.392850989994561806e-01
2.399999999999999911e-01 6.425319792113015627e-01
2.500000000000000000e-01 6.458845937822176309e-01
2.600000000000000089e-01 6.493432883527999744e-01
2.700000000000000178e-01 6.529074414225284340e-01
2.800000000000000266e-01 6.565761615235840010e-01
2.899999999999999800e-01 6.603481520136793570e-01
2.999999999999999889e-01 6.642221059603494737e-01
3.099999999999999978e-01 6.681939641245853156e-01
3.200000000000000067e-01 6.722630108517073655e-01
3.300000000000000155e-01 6.764300704863226432e-01
3.400000000000000244e-01 6.806928754107138824e-01
3.499999999999999778e-01 6.850468923212336136e-01
3.599999999999999867e-01 6.894898331986131224e-01
3.699999999999999956e-01 6.940237206011130588e-01
3.800000000000000044e-01 6.986557134306917716e-01
3.900000000000000133e-01 7.033974268263735175e-01
4.000000000000000222e-01 7.082562550597845119e-01
4.099999999999999756e-01 7.132325005809094787e-01
4.199999999999999845e-01 7.183267909173746135e-01
4.299999999999999933e-01 7.235393294222616234e-01
4.400000000000000022e-01 7.288645944034731761e-01
4.500000000000000111e-01 7.342929285673119866e-01
4.600000000000000200e-01 7.398114749846492755e-01
4.699999999999999734e-01 7.453323150950316167e-01
4.799999999999999822e-01 7.506378704655393141e-01
4.899999999999999911e-01 7.557269148785503710e-01
5.000000000000000000e-01 7.606125059335707705e-01
5.100000000000000089e-01 7.653062487474018294e-01
5.200000000000000178e-01 7.698198145118601010e-01
5.300000000000000266e-01 7.741626896826321325e-01
5.400000000000000355e-01 7.783578164514260989e-01
5.500000000000000444e-01 7.826031999260435468e-01
5.600000000000000533e-01 7.869649221745405043e-01
5.699999999999999512e-01 7.914417691624310303e-01
5.799999999999999600e-01 7.960297256940478405e-01
5.899999999999999689e-01 8.007208047234221082e-01
5.999999999999999778e-01 8.055039816891320648e-01
6.099999999999999867e-01 8.103686257971118856e-01
6.199999999999999956e-01 8.153049397865927972e-01
6.300000000000000044e-01 8.202995530675247782e-01
6.400000000000000133e-01 8.253380057338561837e-01
6.500000000000000222e-01 8.304098828207964189e-01
6.600000000000000311e-01 8.355084047492503663e-01
6.700000000000000400e-01 8.406301738552587333e-01
6.800000000000000488e-01 8.457708353597479523e-01
6.899999999999999467e-01 8.509277584324302923e-01
6.999999999999999556e-01 8.560949197455225423e-01
7.099999999999999645e-01 8.612688314142664670e-01
7.199999999999999734e-01 8.664461389843247652e-01
7.299999999999999822e-01 8.716232114586751623e-01
7.399999999999999911e-01 8.767962197931243873e-01
7.500000000000000000e-01 8.819615049330821188e-01
7.600000000000000089e-01 8.871153588789797428e-01
7.700000000000000178e-01 8.922539761803389702e-01
7.800000000000000266e-01 8.973734822034489245e-01
7.900000000000000355e-01 9.024698648841811277e-01
8.000000000000000444e-01 9.075392034564074839e-01
8.100000000000000533e-01 9.125782491611955649e-01
8.199999999999999512e-01 9.175841134600623006e-01
8.299999999999999600e-01 9.225532672140323021e-01
8.399999999999999689e-01 9.274836145835674284e-01
8.499999999999999778e-01 9.323729566917534628e-01
8.599999999999999867e-01 9.372193761293413639e-01
8.699999999999999956e-01 9.420212211720413453e-01
8.800000000000000044e-01 9.467771112961353985e-01
8.900000000000000133e-01 9.514858795048544149e-01
9.000000000000000222e-01 9.561466293901756952e-01
9.100000000000000311e-01 9.607584655479335378e-01
9.200000000000000400e-01 9.653208261644075083e-01
9.300000000000000488e-01 9.698329265182215053e-01
9.399999999999999467e-01 9.742950475751006589e-01
9.499999999999999556e-01 9.787068384123054354e-01
9.599999999999999645e-01 9.830684184897687805e-01
9.699999999999999734e-01 9.873794909000608300e-01
9.799999999999999822e-01 9.916393945384400777e-01
9.899999999999999911e-01 9.958465842543453572e-01
1.000000000000000000e+00 1.000000002438821811e+00
