0.000000000000000000e+00 0.000000000000000000e+00
1.000000000000000021e-02 8.579720990589678742e-01
2.000000000000000042e-02 8.589275353017206127e-01
2.999999999999999889e-02 8.599224735525545782e-01
4.000000000000000083e-02 8.609552067612504800e-01
5.000000000000000278e-02 8.620217729908585813e-01
5.999999999999999778e-02 8.631192610546938315e-01
7.000000000000000666e-02 8.642445254627277862e-01
8.000000000000000167e-02 8.653941309911643565e-01
8.999999999999999667e-02 8.665652692148165803e-01
1.000000000000000056e-01 8.677567206273134603e-01
1.100000000000000006e-01 8.689678246706699083e-01
1.199999999999999956e-01 8.701949925873697644e-01
1.300000000000000044e-01 8.714379507877357822e-01
1.400000000000000133e-01 8.726956713672758825e-01
1.499999999999999944e-01 8.739676437675429899e-01
1.600000000000000033e-01 8.752541041197461347e-01
1.700000000000000122e-01 8.765550146384516461e-01
1.799999999999999933e-01 8.778706890397648399e-01
1.900000000000000022e-01 8.792018777360559589e-01
2.000000000000000111e-01 8.805491756276723203e-01
2.099999999999999922e-01 8.819124005902464480e-01
2.200000000000000011e-01 8.832914130915028306e-01
2.300000000000000100e-01 8.846858346208842372e-01
2.399999999999999911e-01 8.860952131867996240e-01
2.500000000000000000e-01 8.875190663523500056e-01
2.600000000000000089e-01 8.889563365070255463e-01
2.700000000000000178e-01 8.904062559842828017e-01
2.800000000000000266e-01 8.918682693167356845e-01
2.899999999999999800e-01 8.933411533268759142e-01
2.999999999999999889e-01 8.948242052577906058e-01
3.099999999999999978e-01 8.963166717052636345e-01
3.200000000000000067e-01 8.978178572562325321e-01
3.300000000000000155e-01 8.993271652567650376e-01
3.400000000000000244e-01 9.008426522116247392e-01
3.499999999999999778e-01 9.023647300612428479e-01
3.599999999999999867e-01 9.038919335129718124e-01
3.699999999999999956e-01 9.054232523021237267e-01
3.800000000000000044e-01 9.069584807365664858e-01
3.900000000000000133e-01 9.084976588952397014e-01
4.000000000000000222e-01 9.100402507725494639e-01
4.099999999999999756e-01 9.115871720072503681e-01
4.199999999999999845e-01 9.131434972234402370e-01
4.299999999999999933e-01 9.147147673636539800e-01
4.400000000000000022e-01 9.163035681356760387e-01
4.500000000000000111e-01 9.179106888992059066e-01
4.600000000000000200e-01 9.195461658941653793e-01
4.699999999999999734e-01 9.212214893362709045e-01
4.799999999999999822e-01 9.228625492439257449e-01
4.899999999999999911e-01 9.244369014340747537e-01
5.000000000000000000e-01 9.259480500564579719e-01
5.100000000000000089e-01 9.274000981200318794e-01
5.200000000000000178e-01 9.287962045585356208e-01
5.300000000000000266e-01 9.301397828670233681e-01
5.400000000000000355e-01 9.314647045766103473e-01
5.500000000000000444e-01 9.328361454312057433e-01
5.600000000000000533e-01 9.342384713665929930e-01
5.699999999999999512e-01 9.356614715597265652e-01
5.799999999999999600e-01 9.371043246147247041e-01
5.899999999999999689e-01 9.385608956260731439e-01
5.999999999999999778e-01 9.400271638985246980e-01
6.099999999999999867e-01 9.414988063506126714e-01
6.199999999999999956e-01 9.429748281645023988e-01
6.300000000000000044e-01 9.444550046265287602e-01
6.400000000000000133e-01 9.459393878216318940e-01
6.500000000000000222e-01 9.474275670136789174e-01
6.600000000000000311e-01 9.489193086089672269e-01
6.700000000000000400e-01 9.504148516970132299e-01
6.800000000000000488e-01 9.519142906259212555e-01
6.899999999999999467e-01 9.534176487145937795e-01
6.999999999999999556e-01 9.549246645353191010e-01
7.099999999999999645e-01 9.564350924079773053e-01
7.199999999999999734e-01 9.579487302633842294e-01
7.299999999999999822e-01 9.594653513455356775e-01
7.399999999999999911e-01 9.609846406458659729e-01
7.500000000000000000e-01 9.625063689112098864e-01
7.600000000000000089e-01 9.640301448303573162e-01
7.700000000000000178e-01 9.655555674693208079e-01
7.800000000000000266e-01 9.670822164574786051e-01
7.900000000000000355e-01 9.686096240069433927e-01
8.000000000000000444e-01 9.701372756137958131e-01
8.100000000000000533e-01 9.716646128826773587e-01
8.199999999999999512e-01 9.731910458208016257e-01
8.299999999999999600e-01 9.747159716137790975e-01
8.399999999999999689e-01 9.762388002958908295e-01
8.499999999999999778e-01 9.777590803855679136e-01
8.599999999999999867e-01 9.792760811875982352e-01
8.699999999999999956e-01 9.807896405154021835e-01
8.800000000000000044e-01 9.822993151776938658e-01
8.900000000000000133e-01 9.838050812293821501e-01
9.000000000000000222e-01 9.853065186717847590e-01
9.100000000000000311e-01 9.868033711955176424e-01
9.200000000000000400e-01 9.882952801156281719e-01
9.300000000000000488e-01 9.897819775184518720e-01
9.399999999999999467e-01 9.912629876223656433e-01
9.499999999999999556e-01 9.927380807678790609e-01
9.599999999999999645e-01 9.942065950678524722e-01
9.699999999999999734e-01 9.956678951808686229e-01
9.799999999999999822e-01 9.971210921599552579e-01
9.899999999999999911e-01 9.985654885182573270e-01
1.000000000000000000e+00 1.000000019569619258e+00
