0.000000000000000000e+00 0.000000000000000000e+00
1.000000000000000021e-02 3.451406431880327252e-01
2.000000000000000042e-02 3.464800024982908622e-01
2.999999999999999889e-02 3.478954481943732358e-01
4.000000000000000083e-02 3.493833845330161503e-01
5.000000000000000278e-02 3.509417115978841206e-01
5.999999999999999778e-02 3.525701980830002191e-01
7.000000000000000666e-02 3.542712334851942924e-01
8.000000000000000167e-02 3.560483323276669165e-01
8.999999999999999667e-02 3.579051478608819004e-01
1.000000000000000056e-01 3.598441981543515356e-01
1.100000000000000006e-01 3.618699174761056958e-01
1.199999999999999956e-01 3.639863092110881548e-01
1.300000000000000044e-01 3.661984158834856173e-01
1.400000000000000133e-01 3.685114065104006520e-01
1.499999999999999944e-01 3.709302206824729442e-01
1.600000000000000033e-01 3.734602592517559105e-01
1.700000000000000122e-01 3.761075255628755776e-01
1.799999999999999933e-01 3.788786879108006489e-01
1.900000000000000022e-01 3.817810190038375961e-01
2.000000000000000111e-01 3.848221241057031561e-01
2.099999999999999922e-01 3.880097220733669805e-01
2.200000000000000011e-01 3.913516703199759195e-01
2.300000000000000100e-01 3.948576993297676641e-01
2.399999999999999911e-01 3.985368948529668942e-01
2.500000000000000000e-01 4.023976140756487796e-01
2.600000000000000089e-01 4.064485133728767408e-01
2.700000000000000178e-01 4.106962895785990497e-01
2.800000000000000266e-01 4.151465841798741563e-01
2.899999999999999800e-01 4.198041766862434243e-01
2.999999999999999889e-01 4.246735033133492987e-01
3.099999999999999978e-01 4.297591784185502695e-01
3.200000000000000067e-01 4.350666214389458109e-01
3.300000000000000155e-01 4.406030091407912574e-01
3.400000000000000244e-01 4.463683938612562629e-01
3.499999999999999778e-01 4.523681027798221455e-01
3.599999999999999867e-01 4.586063437589996683e-01
3.699999999999999956e-01 4.650930629354075307e-01
3.800000000000000044e-01 4.718401164218928856e-01
3.900000000000000133e-01 4.788533570909997428e-01
4.000000000000000222e-01 4.861372727536254490e-01
4.099999999999999756e-01 4.937018393363974411e-01
4.199999999999999845e-01 5.015533164842753688e-01
4.299999999999999933e-01 5.096903676255923887e-01
4.400000000000000022e-01 5.181115574124470768e-01
4.500000000000000111e-01 5.268143405872828255e-01
4.600000000000000200e-01 5.357827015710546759e-01
4.699999999999999734e-01 5.449898044209842141e-01
4.799999999999999822e-01 5.543649472872441697e-01
4.899999999999999911e-01 5.634595470954293361e-01
5.000000000000000000e-01 5.721905819348342970e-01
5.100000000000000089e-01 5.805788024781046719e-01
5.200000000000000178e-01 5.886445605419097227e-01
5.300000000000000266e-01 5.965003306533074312e-01
5.400000000000000355e-01 6.045553499496372218e-01
5.500000000000000444e-01 6.128478529197630698e-01
5.600000000000000533e-01 6.213739571994324473e-01
5.699999999999999512e-01 6.301171725805253532e-01
5.799999999999999600e-01 6.390558230291776276e-01
5.899999999999999689e-01 6.481656584342760929e-01
5.999999999999999778e-01 6.574247760690107301e-01
6.099999999999999867e-01 6.668078316969459074e-01
6.199999999999999956e-01 6.762890627222243323e-01
6.300000000000000044e-01 6.858483086732239942e-01
6.400000000000000133e-01 6.954660687080193027e-01
6.500000000000000222e-01 7.051212065355749736e-01
6.600000000000000311e-01 7.147961546413192924e-01
6.700000000000000400e-01 7.244759574731963747e-01
6.800000000000000488e-01 7.341490234737513276e-01
6.899999999999999467e-01 7.438049799428556597e-01
6.999999999999999556e-01 7.534317315033343121e-01
7.099999999999999645e-01 7.630188851908707992e-01
7.199999999999999734e-01 7.725569082628804818e-01
7.299999999999999822e-01 7.820382774346716914e-01
7.399999999999999911e-01 7.914548176551833292e-01
7.500000000000000000e-01 8.007991514497745378e-01
7.600000000000000089e-01 8.100642333327598976e-01
7.700000000000000178e-01 8.192431819596486253e-01
7.800000000000000266e-01 8.283303103123409450e-01
7.900000000000000355e-01 8.373192523984575031e-01
8.000000000000000444e-01 8.462056632236580889e-01
8.100000000000000533e-01 8.549857207403694925e-01
8.199999999999999512e-01 8.636563168956528092e-01
8.299999999999999600e-01 8.722148169579005961e-01
8.399999999999999689e-01 8.806591455071764996e-01
8.499999999999999778e-01 8.889877360076912094e-01
8.599999999999999867e-01 8.971995760089918059e-01
8.699999999999999956e-01 9.052940617602054374e-01
8.800000000000000044e-01 9.132708858939764252e-01
8.900000000000000133e-01 9.211300811759167706e-01
9.000000000000000222e-01 9.288717387051144136e-01
9.100000000000000311e-01 9.364960438611766858e-01
9.200000000000000400e-01 9.440041491984023647e-01
9.300000000000000488e-01 9.513967324529238878e-01
9.399999999999999467e-01 9.586747119709760900e-01
9.499999999999999556e-01 9.658390954310215326e-01
9.599999999999999645e-01 9.728910878862139233e-01
9.699999999999999734e-01 9.798318985632015199e-01
9.799999999999999822e-01 9.866628751055642743e-01
9.899999999999999911e-01 9.933853348908122660e-01
1.000000000000000000e+00 1.000000003060453002e+00
