0.000000000000000000e+00 0.000000000000000000e+00
1.000000000000000021e-02 9.515265011391660366e-01
2.000000000000000042e-02 9.519581960955814104e-01
2.999999999999999889e-02 9.523985922474017540e-01
4.000000000000000083e-02 9.528439262359494899e-01
5.000000000000000278e-02 9.532927508269528616e-01
5.999999999999999778e-02 9.537453675749152371e-01
7.000000000000000666e-02 9.541994950332373104e-01
8.000000000000000167e-02 9.546558475645804398e-01
8.999999999999999667e-02 9.551142525187282795e-01
1.000000000000000056e-01 9.555746129363429375e-01
1.100000000000000006e-01 9.560370864566958282e-01
1.199999999999999956e-01 9.565017681845793263e-01
1.300000000000000044e-01 9.569688694211512248e-01
1.400000000000000133e-01 9.574384080004263442e-01
1.499999999999999944e-01 9.579107775061135310e-01
1.600000000000000033e-01 9.583857914139369827e-01
1.700000000000000122e-01 9.588632434873811672e-01
1.799999999999999933e-01 9.593422173587450308e-01
1.900000000000000022e-01 9.598243329293744130e-01
2.000000000000000111e-01 9.603095948874085241e-01
2.099999999999999922e-01 9.607962390635403915e-01
2.200000000000000011e-01 9.612851089963792006e-01
2.300000000000000100e-01 9.617761326088202223e-01
2.399999999999999911e-01 9.622689828303885307e-01
2.500000000000000000e-01 9.627634713188417681e-01
2.600000000000000089e-01 9.632597172416916820e-01
2.700000000000000178e-01 9.637573482857417773e-01
2.800000000000000266e-01 9.642562391941102984e-01
2.899999999999999800e-01 9.647562811505878688e-01
2.999999999999999889e-01 9.652573538240246664e-01
3.099999999999999978e-01 9.657593427280993792e-01
3.200000000000000067e-01 9.662622184219471499e-01
3.300000000000000155e-01 9.667658227328463916e-01
3.400000000000000244e-01 9.672700907008445759e-01
3.499999999999999778e-01 9.677748819005326242e-01
3.599999999999999867e-01 9.682801360291037884e-01
3.699999999999999956e-01 9.687858525327792680e-01
3.800000000000000044e-01 9.692918480084564692e-01
3.900000000000000133e-01 9.697980512940423958e-01
4.000000000000000222e-01 9.703042788681437436e-01
4.099999999999999756e-01 9.708106236408460266e-01
4.199999999999999845e-01 9.713164163770705573e-01
4.299999999999999933e-01 9.718223127868862443e-01
4.400000000000000022e-01 9.723278216644287708e-01
4.500000000000000111e-01 9.728328080147605750e-01
4.600000000000000200e-01 9.733375389992725557e-01
4.699999999999999734e-01 9.738444203297172974e-01
4.799999999999999822e-01 9.743560468446192946e-01
4.899999999999999911e-01 9.748773665045371573e-01
5.000000000000000000e-01 9.753797903061982577e-01
5.100000000000000089e-01 9.758625815362736988e-01
5.200000000000000178e-01 9.763291122572603786e-01
5.300000000000000266e-01 9.768054608380516424e-01
5.400000000000000355e-01 9.772877210504817835e-01
5.500000000000000444e-01 9.777723937366405993e-01
5.600000000000000533e-01 9.782576870360498722e-01
5.699999999999999512e-01 9.787433617880826331e-01
5.799999999999999600e-01 9.792293477523984491e-01
5.899999999999999689e-01 9.797158929899201230e-01
5.999999999999999778e-01 9.802028937108124840e-01
6.099999999999999867e-01 9.806904596622371129e-01
6.199999999999999956e-01 9.811787829274422057e-01
6.300000000000000044e-01 9.816678138661184549e-01
6.400000000000000133e-01 9.821575603908900831e-01
6.500000000000000222e-01 9.826479807580768000e-01
6.600000000000000311e-01 9.831391055242107990e-01
6.700000000000000400e-01 9.836309092673385379e-01
6.800000000000000488e-01 9.841233831579022651e-01
6.899999999999999467e-01 9.846165204149440742e-01
6.999999999999999556e-01 9.851102828477623641e-01
7.099999999999999645e-01 9.856046669593306886e-01
7.199999999999999734e-01 9.860996440515545913e-01
7.299999999999999822e-01 9.865951781234022500e-01
7.399999999999999911e-01 9.870912491086099028e-01
7.500000000000000000e-01 9.875878245853929593e-01
7.600000000000000089e-01 9.880848738737390002e-01
7.700000000000000178e-01 9.885823682170981064e-01
7.800000000000000266e-01 9.890802984331820147e-01
7.900000000000000355e-01 9.895786033004909665e-01
8.000000000000000444e-01 9.900772254537184569e-01
8.100000000000000533e-01 9.905760968200073568e-01
8.199999999999999512e-01 9.910751469621162935e-01
8.299999999999999600e-01 9.915742700597525161e-01
8.399999999999999689e-01 9.920733953083537005e-01
8.499999999999999778e-01 9.925726512373026500e-01
8.599999999999999867e-01 9.930714611410962345e-01
8.699999999999999956e-01 9.935701176546603008e-01
8.800000000000000044e-01 9.940684661856781235e-01
8.900000000000000133e-01 9.945664313732464068e-01
9.000000000000000222e-01 9.950639030906893723e-01
9.100000000000000311e-01 9.955608010134893160e-01
9.200000000000000400e-01 9.960570815911641285e-01
9.300000000000000488e-01 9.965527040064454667e-01
9.399999999999999467e-01 9.970476138879900141e-01
9.499999999999999556e-01 9.975417934142040144e-01
9.599999999999999645e-01 9.980352200360464998e-01
9.699999999999999734e-01 9.985278678406630526e-01
9.799999999999999822e-01 9.990195966158925689e-01
9.899999999999999911e-01 9.995103838653112138e-01
1.000000000000000000e+00 1.000000010898988378e+00
