0.000000000000000000e+00 0.000000000000000000e+00
1.000000000000000021e-02 4.700952627165744246e-01
2.000000000000000042e-02 4.716303311582265012e-01
2.999999999999999889e-02 4.732439778962732602e-01
4.000000000000000083e-02 4.749238441894218510e-01
5.000000000000000278e-02 4.766692076365713904e-01
5.999999999999999778e-02 4.784805437764087510e-01
7.000000000000000666e-02 4.803595666821524057e-01
8.000000000000000167e-02 4.823089168050263553e-01
8.999999999999999667e-02 4.843311997104203237e-01
1.000000000000000056e-01 4.864263835388998869e-01
1.100000000000000006e-01 4.885985936750623093e-01
1.199999999999999956e-01 4.908515398608805924e-01
1.300000000000000044e-01 4.931890852561041649e-01
1.400000000000000133e-01 4.956153146202330606e-01
1.499999999999999944e-01 4.981342706625234151e-01
1.600000000000000033e-01 5.007503557501815639e-01
1.700000000000000122e-01 5.034686031328691191e-01
1.799999999999999933e-01 5.062944049221187459e-01
1.900000000000000022e-01 5.092336446643077608e-01
2.000000000000000111e-01 5.122923990019053742e-01
2.099999999999999922e-01 5.154761264449938540e-01
2.200000000000000011e-01 5.187899292662864204e-01
2.300000000000000100e-01 5.222411276973104588e-01
2.399999999999999911e-01 5.258360464662659162e-01
2.500000000000000000e-01 5.295802864979276547e-01
2.600000000000000089e-01 5.334773847357430210e-01
2.700000000000000178e-01 5.375296290741684579e-01
2.800000000000000266e-01 5.417387763860863625e-01
2.899999999999999800e-01 5.461063652913072941e-01
2.999999999999999889e-01 5.506326861963888319e-01
3.099999999999999978e-01 5.553156970524948388e-01
3.200000000000000067e-01 5.601609747744004109e-01
3.300000000000000155e-01 5.651685648234198167e-01
3.400000000000000244e-01 5.703381602849143528e-01
3.499999999999999778e-01 5.756668238475476373e-01
3.599999999999999867e-01 5.811555602879517890e-01
3.699999999999999956e-01 5.868097638486236001e-01
3.800000000000000044e-01 5.926392949303422863e-01
3.900000000000000133e-01 5.986537641057443349e-01
4.000000000000000222e-01 6.048573090783738726e-01
4.099999999999999756e-01 6.112521876889460692e-01
4.199999999999999845e-01 6.178386620160254417e-01
4.299999999999999933e-01 6.246131966840607896e-01
4.400000000000000022e-01 6.315680590185964727e-01
4.500000000000000111e-01 6.386916545245503452e-01
4.600000000000000200e-01 6.459658907802247052e-01
4.699999999999999734e-01 6.533606145870035631e-01
4.799999999999999822e-01 6.605820545011350520e-01
4.899999999999999911e-01 6.675089953045946212e-01
5.000000000000000000e-01 6.741589957028052416e-01
5.100000000000000089e-01 6.805478410442071802e-01
5.200000000000000178e-01 6.866911598376900239e-01
5.300000000000000266e-01 6.926028051261906571e-01
5.400000000000000355e-01 6.984157585981058958e-01
5.500000000000000444e-01 7.043839613713813730e-01
5.600000000000000533e-01 7.105175645329335765e-01
5.699999999999999512e-01 7.168131520386057387e-01
5.799999999999999600e-01 7.232623507686490871e-01
5.899999999999999689e-01 7.298529877430376400e-01
5.999999999999999778e-01 7.365710903233145812e-01
6.099999999999999867e-01 7.434012113807965116e-01
6.199999999999999956e-01 7.503270905586919559e-01
6.300000000000000044e-01 7.573326263868690456e-01
6.400000000000000133e-01 7.643999893997290851e-01
6.500000000000000222e-01 7.715128312076732220e-01
6.600000000000000311e-01 7.786590091709922890e-01
6.700000000000000400e-01 7.858293009637293824e-01
6.800000000000000488e-01 7.930165136009966753e-01
6.899999999999999467e-01 8.002143244948921597e-01
6.999999999999999556e-01 8.074137376686622014e-01
7.099999999999999645e-01 8.146066752080465267e-01
7.199999999999999734e-01 8.217871691177958127e-01
7.299999999999999822e-01 8.289492023225034645e-01
7.399999999999999911e-01 8.360865836732048750e-01
7.500000000000000000e-01 8.431933987008340958e-01
7.600000000000000089e-01 8.502640104651176811e-01
7.700000000000000178e-01 8.572928071427524666e-01
7.800000000000000266e-01 8.642741083729308382e-01
7.900000000000000355e-01 8.712025119419947172e-01
8.000000000000000444e-01 8.780730774686262841e-01
8.100000000000000533e-01 8.848821732674270191e-01
8.199999999999999512e-01 8.916257304023303965e-01
8.299999999999999600e-01 8.983008917139180260e-01
8.399999999999999689e-01 9.049049152184996947e-01
8.499999999999999778e-01 9.114355239097952088e-01
8.599999999999999867e-01 9.178909101497314538e-01
8.699999999999999956e-01 9.242696664757030778e-01
8.800000000000000044e-01 9.305706765370159728e-01
8.900000000000000133e-01 9.367930931423441576e-01
9.000000000000000222e-01 9.429363005779038964e-01
9.100000000000000311e-01 9.489999010090884868e-01
9.200000000000000400e-01 9.549834095333943340e-01
9.300000000000000488e-01 9.608873093530673204e-01
9.399999999999999467e-01 9.667115843126963259e-01
9.499999999999999556e-01 9.724563417131127929e-01
9.599999999999999645e-01 9.781218729539032930e-01
9.699999999999999734e-01 9.837086247202063705e-01
9.799999999999999822e-01 9.892170232114079198e-01
9.899999999999999911e-01 9.946475550343332195e-01
1.000000000000000000e+00 1.000000003824688788e+00
