0.000000000000000000e+00 0.000000000000000000e+00
1.000000000000000021e-02 2.134924079298675115e-01
2.000000000000000042e-02 2.145420920166826728e-01
2.999999999999999889e-02 2.156616308237523649e-01
4.000000000000000083e-02 2.168479191630212632e-01
5.000000000000000278e-02 2.181008732460162913e-01
5.999999999999999778e-02 2.194230702909000241e-01
7.000000000000000666e-02 2.208177259977707474e-01
8.000000000000000167e-02 2.222878376035590797e-01
8.999999999999999667e-02 2.238376322130156137e-01
1.000000000000000056e-01 2.254718508002877264e-01
1.100000000000000006e-01 2.271949406444402630e-01
1.199999999999999956e-01 2.290128779778664303e-01
1.300000000000000044e-01 2.309290660192240829e-01
1.400000000000000133e-01 2.329508910847395142e-01
1.499999999999999944e-01 2.350839257340130717e-01
1.600000000000000033e-01 2.373343582554020559e-01
1.700000000000000122e-01 2.397090530137820363e-01
1.799999999999999933e-01 2.422153809338116748e-01
1.900000000000000022e-01 2.448613329527405402e-01
2.000000000000000111e-01 2.476552783113891709e-01
2.099999999999999922e-01 2.506058430487407285e-01
2.200000000000000011e-01 2.537211719241312946e-01
2.300000000000000100e-01 2.570093683280793018e-01
2.399999999999999911e-01 2.604782096840694838e-01
2.500000000000000000e-01 2.641360456338164298e-01
2.600000000000000089e-01 2.679921610037809265e-01
2.700000000000000178e-01 2.720573669799579708e-01
2.800000000000000266e-01 2.763424650499774482e-01
2.899999999999999800e-01 2.808584463901125372e-01
2.999999999999999889e-01 2.856172241778320853e-01
3.099999999999999978e-01 2.906291939437020688e-01
3.200000000000000067e-01 2.959091768092049768e-01
3.300000000000000155e-01 3.014678445203510804e-01
3.400000000000000244e-01 3.073156013906815365e-01
3.499999999999999778e-01 3.134617927411692540e-01
3.599999999999999867e-01 3.199158423394784512e-01
3.699999999999999956e-01 3.266886786190422720e-01
3.800000000000000044e-01 3.337917636776869812e-01
3.900000000000000133e-01 3.412384921194144827e-01
4.000000000000000222e-01 3.490448606935182552e-01
4.099999999999999756e-01 3.572289260946335254e-01
4.199999999999999845e-01 3.658103585420236503e-01
4.299999999999999933e-01 3.748090799340552115e-01
4.400000000000000022e-01 3.842468571818019041e-01
4.500000000000000111e-01 3.941372186398373056e-01
4.600000000000000200e-01 4.044842886690880324e-01
4.699999999999999734e-01 4.152814311457963536e-01
4.799999999999999822e-01 4.265088604882205647e-01
4.899999999999999911e-01 4.380581951410940089e-01
5.000000000000000000e-01 4.492972469877913322e-01
5.100000000000000089e-01 4.600951672279028903e-01
5.200000000000000178e-01 4.706231490201733814e-01
5.300000000000000266e-01 4.814752819247207216e-01
5.400000000000000355e-01 4.927081593230665524e-01
5.500000000000000444e-01 5.042936779748615761e-01
5.600000000000000533e-01 5.161935866776051762e-01
5.699999999999999512e-01 5.283645174914521903e-01
5.799999999999999600e-01 5.407589698560738567e-01
5.899999999999999689e-01 5.533283826486358192e-01
5.999999999999999778e-01 5.660297753804732768e-01
6.099999999999999867e-01 5.788244751802867905e-01
6.199999999999999956e-01 5.916787505810302550e-01
6.300000000000000044e-01 6.045631703794118739e-01
6.400000000000000133e-01 6.174527866381406271e-01
6.500000000000000222e-01 6.303256049799998983e-01
6.600000000000000311e-01 6.431626045854325069e-01
6.700000000000000400e-01 6.559468744082510572e-01
6.800000000000000488e-01 6.686631559845916950e-01
6.899999999999999467e-01 6.812972034145435840e-01
6.999999999999999556e-01 6.938355292572170319e-01
7.099999999999999645e-01 7.062658418685018313e-01
7.199999999999999734e-01 7.185773445965225603e-01
7.299999999999999822e-01 7.307606946288657257e-01
7.399999999999999911e-01 7.428078830125388610e-01
7.500000000000000000e-01 7.547118444388875025e-01
7.600000000000000089e-01 7.664666558514323658e-01
7.700000000000000178e-01 7.780675870696155405e-01
7.800000000000000266e-01 7.895109895596992278e-01
7.900000000000000355e-01 8.007938615297043317e-01
8.000000000000000444e-01 8.119141054691921822e-01
8.100000000000000533e-01 8.228688493213355271e-01
8.199999999999999512e-01 8.336571321547628921e-01
8.299999999999999600e-01 8.442778288781004337e-01
8.399999999999999689e-01 8.547304136703230970e-01
8.499999999999999778e-01 8.650148597900571001e-01
8.599999999999999867e-01 8.751315610066461304e-01
8.699999999999999956e-01 8.850814364469202777e-01
8.800000000000000044e-01 8.948653022748638275e-01
8.900000000000000133e-01 9.044848105726570608e-01
9.000000000000000222e-01 9.139413808345168144e-01
9.100000000000000311e-01 9.232367932049594383e-01
9.200000000000000400e-01 9.323729559707157888e-01
9.300000000000000488e-01 9.413519496902401640e-01
9.399999999999999467e-01 9.501760506174128373e-01
9.499999999999999556e-01 9.588475442913662050e-01
9.599999999999999645e-01 9.673687432201918401e-01
9.699999999999999734e-01 9.757421752183307317e-01
9.799999999999999822e-01 9.839704137524971639e-01
9.899999999999999911e-01 9.920555767818149961e-01
1.000000000000000000e+00 1.000000003811047034e+00
