0.000000000000000000e+00 0.000000000000000000e+00
1.000000000000000021e-02 9.999995687112517295e-01
2.000000000000000042e-02 9.999996916162101623e-01
2.999999999999999889e-02 9.999998766086481972e-01
4.000000000000000083e-02 9.999999336355036572e-01
5.000000000000000278e-02 9.999998187213932077e-01
5.999999999999999778e-02 9.999999710811243725e-01
7.000000000000000666e-02 9.999999685876518329e-01
8.000000000000000167e-02 9.999997644443286982e-01
8.999999999999999667e-02 9.999998718656638586e-01
1.000000000000000056e-01 9.999999200721804149e-01
1.100000000000000006e-01 9.999999396773812110e-01
1.199999999999999956e-01 9.999999464460757048e-01
1.300000000000000044e-01 9.999999471832506925e-01
1.400000000000000133e-01 9.999999493493539893e-01
1.499999999999999944e-01 9.999999524287876973e-01
1.600000000000000033e-01 9.999999572045464857e-01
1.700000000000000122e-01 9.999999632829031926e-01
1.799999999999999933e-01 9.999999707820373951e-01
1.900000000000000022e-01 9.999999790438459657e-01
2.000000000000000111e-01 9.999999837524792268e-01
2.099999999999999922e-01 9.999999851503934556e-01
2.200000000000000011e-01 9.999999894530502420e-01
2.300000000000000100e-01 9.999999055829807970e-01
2.399999999999999911e-01 9.999999362579249373e-01
2.500000000000000000e-01 9.999999570900610646e-01
2.600000000000000089e-01 9.999999640484221741e-01
2.700000000000000178e-01 9.999999613747077021e-01
2.800000000000000266e-01 9.999999556882795959e-01
2.899999999999999800e-01 9.999999587039012372e-01
2.999999999999999889e-01 9.999999654148552519e-01
3.099999999999999978e-01 9.999999680393641954e-01
3.200000000000000067e-01 9.999999698599237874e-01
3.300000000000000155e-01 9.999999711878094777e-01
3.400000000000000244e-01 9.999999726092402286e-01
3.499999999999999778e-01 9.999999742749715592e-01
3.599999999999999867e-01 9.999999759760597184e-01
3.699999999999999956e-01 9.999999777280457192e-01
3.800000000000000044e-01 9.999999790766503915e-01
3.900000000000000133e-01 9.999999804364153588e-01
4.000000000000000222e-01 9.999999813099188506e-01
4.099999999999999756e-01 9.999999824201887266e-01
4.199999999999999845e-01 9.999999820245858428e-01
4.299999999999999933e-01 9.999999831855638233e-01
4.400000000000000022e-01 9.999999821303692249e-01
4.500000000000000111e-01 9.999999816378323247e-01
4.600000000000000200e-01 9.999999811529302063e-01
4.699999999999999734e-01 9.999999807206692015e-01
4.799999999999999822e-01 9.999999807183229672e-01
4.899999999999999911e-01 9.999999797224812248e-01
5.000000000000000000e-01 9.999999792045493052e-01
5.100000000000000089e-01 9.999999785026457699e-01
5.200000000000000178e-01 9.999999784452334728e-01
5.300000000000000266e-01 9.999999779833044222e-01
5.400000000000000355e-01 9.999999770911007779e-01
5.500000000000000444e-01 9.999999761778440854e-01
5.600000000000000533e-01 9.999999749679271410e-01
5.699999999999999512e-01 9.999999741708077705e-01
5.799999999999999600e-01 9.999999730572856071e-01
5.899999999999999689e-01 9.999999719277256061e-01
5.999999999999999778e-01 9.999999706387299181e-01
6.099999999999999867e-01 9.999999692366647874e-01
6.199999999999999956e-01 9.999999676196308362e-01
6.300000000000000044e-01 9.999999659497104121e-01
6.400000000000000133e-01 9.999999644384348629e-01
6.500000000000000222e-01 9.999999655427994627e-01
6.600000000000000311e-01 9.999999661723685263e-01
6.700000000000000400e-01 9.999999666587395808e-01
6.800000000000000488e-01 9.999999665579730745e-01
6.899999999999999467e-01 9.999999662049543492e-01
6.999999999999999556e-01 9.999999654064652965e-01
7.099999999999999645e-01 9.999999646063043590e-01
7.199999999999999734e-01 9.999999650057745937e-01
7.299999999999999822e-01 9.999999653126674382e-01
7.399999999999999911e-01 9.999999661817253749e-01
7.500000000000000000e-01 9.999999653908268060e-01
7.600000000000000089e-01 9.999999627893589871e-01
7.700000000000000178e-01 9.999999608712133448e-01
7.800000000000000266e-01 9.999999593243092955e-01
7.900000000000000355e-01 9.999999583585484908e-01
8.000000000000000444e-01 9.999999575848218525e-01
8.100000000000000533e-01 9.999999544598184853e-01
8.199999999999999512e-01 9.999999512852703054e-01
8.299999999999999600e-01 9.999999479224375154e-01
8.399999999999999689e-01 9.999999971476044580e-01
8.499999999999999778e-01 9.999999969889642459e-01
8.599999999999999867e-01 9.999999967281189006e-01
8.699999999999999956e-01 9.999999960901864160e-01
8.800000000000000044e-01 9.999999951621398875e-01
8.900000000000000133e-01 9.999999941056422204e-01
9.000000000000000222e-01 9.999999930637164525e-01
9.100000000000000311e-01 9.999999922926420259e-01
9.200000000000000400e-01 9.999999915668563721e-01
9.300000000000000488e-01 9.999999903542633461e-01
9.399999999999999467e-01 9.999999880076791969e-01
9.499999999999999556e-01 9.999999874754272877e-01
9.599999999999999645e-01 9.999999890547751624e-01
9.699999999999999734e-01 9.999999739449216829e-01
9.799999999999999822e-01 9.999999696756796119e-01
9.899999999999999911e-01 9.999999851050577204e-01
1.000000000000000000e+00 1.000000009567204806e+00
