0.000000000000000000e+00 0.000000000000000000e+00
1.000000000000000021e-02 8.077003181304165391e-01
2.000000000000000042e-02 8.088320728669301518e-01
2.999999999999999889e-02 8.100179826241449277e-01
4.000000000000000083e-02 8.112560539545177196e-01
5.000000000000000278e-02 8.125433862821640485e-01
5.999999999999999778e-02 8.138798942363653088e-01
7.000000000000000666e-02 8.152612300844843674e-01
8.000000000000000167e-02 8.166815576732516790e-01
8.999999999999999667e-02 8.181381308400632602e-01
1.000000000000000056e-01 8.196272344778543495e-01
1.100000000000000006e-01 8.211454336692286526e-01
1.199999999999999956e-01 8.226896614189007639e-01
1.300000000000000044e-01 8.242583924227147030e-01
1.400000000000000133e-01 8.258512703898663876e-01
1.499999999999999944e-01 8.274683175778256849e-01
1.600000000000000033e-01 8.291099755756664580e-01
1.700000000000000122e-01 8.307767866361529530e-01
1.799999999999999933e-01 8.324689505264752931e-01
1.900000000000000022e-01 8.341874993460081100e-01
2.000000000000000111e-01 8.359330438098322436e-01
2.099999999999999922e-01 8.377067145981935692e-01
2.200000000000000011e-01 8.395081910834384376e-01
2.300000000000000100e-01 8.413373849848917452e-01
2.399999999999999911e-01 8.431935217834090057e-01
2.500000000000000000e-01 8.450755808852064010e-01
2.600000000000000089e-01 8.469830232128368053e-01
2.700000000000000178e-01 8.489146192315558670e-01
2.800000000000000266e-01 8.508692177242325183e-01
2.899999999999999800e-01 8.528454817606880844e-01
2.999999999999999889e-01 8.548423122047884570e-01
3.099999999999999978e-01 8.568581655412342846e-01
3.200000000000000067e-01 8.588916736129634799e-01
3.300000000000000155e-01 8.609408809235074012e-01
3.400000000000000244e-01 8.630037190353861964e-01
3.499999999999999778e-01 8.650796265225730863e-01
3.599999999999999867e-01 8.671672324423421729e-01
3.699999999999999956e-01 8.692664753253933618e-01
3.800000000000000044e-01 8.713767168221147053e-01
3.900000000000000133e-01 8.734966713355473145e-01
4.000000000000000222e-01 8.756304093029073643e-01
4.099999999999999756e-01 8.777848636146380334e-01
4.199999999999999845e-01 8.799657217366501083e-01
4.299999999999999933e-01 8.821758949630815749e-01
4.400000000000000022e-01 8.844160383006235415e-01
4.500000000000000111e-01 8.866917385043330269e-01
4.600000000000000200e-01 8.890162731668461715e-01
4.699999999999999734e-01 8.913630614275735997e-01
4.799999999999999822e-01 8.936261983303191991e-01
4.899999999999999911e-01 8.957972393328982319e-01
5.000000000000000000e-01 8.978811617411719403e-01
5.100000000000000089e-01 8.998835633723899496e-01
5.200000000000000178e-01 9.018088078785545525e-01
5.300000000000000266e-01 9.036616863838873304e-01
5.400000000000000355e-01 9.054578032883827676e-01
5.500000000000000444e-01 9.072934067422397941e-01
5.600000000000000533e-01 9.091838600545797400e-01
5.699999999999999512e-01 9.111151231769252234e-01
5.799999999999999600e-01 9.130785206914744379e-01
5.899999999999999689e-01 9.150707076786483984e-01
5.999999999999999778e-01 9.170870460065744245e-01
6.099999999999999867e-01 9.191210619384491132e-01
6.199999999999999956e-01 9.211667008627285602e-01
6.300000000000000044e-01 9.232202535619978834e-01
6.400000000000000133e-01 9.252818438548030544e-01
6.500000000000000222e-01 9.273507758179566629e-01
6.600000000000000311e-01 9.294265610022661717e-01
6.700000000000000400e-01 9.315084153946300294e-01
6.800000000000000488e-01 9.335961301964381676e-01
6.899999999999999467e-01 9.356898796136506880e-01
6.999999999999999556e-01 9.377895413753550846e-01
7.099999999999999645e-01 9.398946582651055426e-01
7.199999999999999734e-01 9.420047195935020712e-01
7.299999999999999822e-01 9.441191511293782757e-01
7.399999999999999911e-01 9.462373468216381811e-01
7.500000000000000000e-01 9.483585955216738972e-01
7.600000000000000089e-01 9.504821576787096937e-01
7.700000000000000178e-01 9.526072634819152674e-01
7.800000000000000266e-01 9.547330966213702919e-01
7.900000000000000355e-01 9.568587648563161574e-01
8.000000000000000444e-01 9.589833095248941897e-01
8.100000000000000533e-01 9.611056802797340870e-01
8.199999999999999512e-01 9.632248536308521958e-01
8.299999999999999600e-01 9.653399937627992200e-01
8.399999999999999689e-01 9.674495902564552718e-01
8.499999999999999778e-01 9.695532566310842704e-01
8.599999999999999867e-01 9.716502221769837133e-01
8.699999999999999956e-01 9.737398108185413292e-01
8.800000000000000044e-01 9.758213857176045725e-01
8.900000000000000133e-01 9.778944695184657032e-01
9.000000000000000222e-01 9.799585470820563193e-01
9.100000000000000311e-01 9.820136328912184576e-01
9.200000000000000400e-01 9.840593974519983300e-01
9.300000000000000488e-01 9.860948791718926465e-01
9.399999999999999467e-01 9.881200268353663718e-01
9.499999999999999556e-01 9.901339685503738330e-01
9.599999999999999645e-01 9.921356586133436295e-01
9.699999999999999734e-01 9.941242974430529733e-01
9.799999999999999822e-01 9.960987676015620185e-01
9.899999999999999911e-01 9.980578131458269775e-01
1.000000000000000000e+00 1.000000020949495472e+00
