0.000000000000000000e+00 0.000000000000000000e+00
1.000000000000000021e-02 4.084440055004329162e-01
2.000000000000000042e-02 4.098919470532313980e-01
2.999999999999999889e-02 4.114209986752548343e-01
4.000000000000000083e-02 4.130195737938630041e-01
5.000000000000000278e-02 4.146859390612500640e-01
5.999999999999999778e-02 4.164224174586668159e-01
7.000000000000000666e-02 4.182274405072873291e-01
8.000000000000000167e-02 4.201075775488924968e-01
8.999999999999999667e-02 4.220657177253410719e-01
1.000000000000000056e-01 4.241014580761814923e-01
1.100000000000000006e-01 4.262198955779833986e-01
1.199999999999999956e-01 4.284248504583513806e-01
1.300000000000000044e-01 4.307208180070879466e-01
1.400000000000000133e-01 4.331123932391451326e-01
1.499999999999999944e-01 4.356041232788021578e-01
1.600000000000000033e-01 4.382009152505494942e-01
1.700000000000000122e-01 4.409082551640568504e-01
1.799999999999999933e-01 4.437324744539896115e-01
1.900000000000000022e-01 4.466799374876743167e-01
2.000000000000000111e-01 4.497578139290686616e-01
2.099999999999999922e-01 4.529728759243996095e-01
2.200000000000000011e-01 4.563314670790714622e-01
2.300000000000000100e-01 4.598422258921341377e-01
2.399999999999999911e-01 4.635128322522102939e-01
2.500000000000000000e-01 4.673508212340549139e-01
2.600000000000000089e-01 4.713622125244452121e-01
2.700000000000000178e-01 4.755513883851300583e-01
2.800000000000000266e-01 4.799219640798173536e-01
2.899999999999999800e-01 4.844770191347053667e-01
2.999999999999999889e-01 4.892185529279649558e-01
3.099999999999999978e-01 4.941483466815040915e-01
3.200000000000000067e-01 4.992703188159492433e-01
3.300000000000000155e-01 5.045891349586296704e-01
3.400000000000000244e-01 5.101053823852599312e-01
3.499999999999999778e-01 5.158184704774642082e-01
3.599999999999999867e-01 5.217313784951940203e-01
3.699999999999999956e-01 5.278513125051719213e-01
3.800000000000000044e-01 5.341892869057645044e-01
3.900000000000000133e-01 5.407530653855667779e-01
4.000000000000000222e-01 5.475460048926930057e-01
4.099999999999999756e-01 5.545736337837039454e-01
4.199999999999999845e-01 5.618372806546747533e-01
4.299999999999999933e-01 5.693344669164025484e-01
4.400000000000000022e-01 5.770590154556783924e-01
4.500000000000000111e-01 5.850009637248719807e-01
4.600000000000000200e-01 5.931444633861864268e-01
4.699999999999999734e-01 6.014628773743837531e-01
4.799999999999999822e-01 6.097592108301244096e-01
4.899999999999999911e-01 6.177231651671232227e-01
5.000000000000000000e-01 6.253689326114008074e-01
5.100000000000000089e-01 6.327144108774747089e-01
5.200000000000000178e-01 6.397777795929020517e-01
5.300000000000000266e-01 6.465801250464308092e-01
5.400000000000000355e-01 6.534192367060821516e-01
5.500000000000000444e-01 6.604551077180971230e-01
5.600000000000000533e-01 6.676897174060988371e-01
5.699999999999999512e-01 6.751117037542491151e-01
5.799999999999999600e-01 6.827096174025127917e-01
5.899999999999999689e-01 6.904661636650254453e-01
5.999999999999999778e-01 6.983637084734350964e-01
6.099999999999999867e-01 7.063834919438800597e-01
6.199999999999999956e-01 7.145034791466698953e-01
6.300000000000000044e-01 7.227066795018682877e-01
6.400000000000000133e-01 7.309737153577089419e-01
6.500000000000000222e-01 7.392867338726089033e-01
6.600000000000000311e-01 7.476299416669105469e-01
6.700000000000000400e-01 7.559921575392702930e-01
6.800000000000000488e-01 7.643625518684007414e-01
6.899999999999999467e-01 7.727329044855090201e-01
6.999999999999999556e-01 7.810934768761589320e-01
7.099999999999999645e-01 7.894341408955687367e-01
7.199999999999999734e-01 7.977473053226989963e-01
7.299999999999999822e-01 8.060257487325314107e-01
7.399999999999999911e-01 8.142623314700101478e-01
7.500000000000000000e-01 8.224502249618060867e-01
7.600000000000000089e-01 8.305829751032633990e-01
7.700000000000000178e-01 8.386541600634798144e-01
7.800000000000000266e-01 8.466576043844790123e-01
7.900000000000000355e-01 8.545880071051947802e-01
8.000000000000000444e-01 8.624396489187250436e-01
8.100000000000000533e-01 8.702089824819307928e-01
8.199999999999999512e-01 8.778925401721584532e-01
8.299999999999999600e-01 8.854873026429774807e-01
8.399999999999999689e-01 8.929907026616580312e-01
8.499999999999999778e-01 9.004007752197641379e-01
8.599999999999999867e-01 9.077160113348041737e-01
8.699999999999999956e-01 9.149353263949049353e-01
8.800000000000000044e-01 9.220579528043099105e-01
8.900000000000000133e-01 9.290833854952602611e-01
9.000000000000000222e-01 9.360113630680191310e-01
9.100000000000000311e-01 9.428415924674993231e-01
9.200000000000000400e-01 9.495745942243560833e-01
9.300000000000000488e-01 9.562107189303039601e-01
9.399999999999999467e-01 9.627503455523307441e-01
9.499999999999999556e-01 9.691940730881849486e-01
9.599999999999999645e-01 9.755425306045192313e-01
9.699999999999999734e-01 9.817966039541764500e-01
9.799999999999999822e-01 9.879570434436590887e-01
9.899999999999999911e-01 9.940247777734807499e-01
1.000000000000000000e+00 1.000000004132485465e+00
